time,seconds_elapsed,z,y,x
1772541033100667000,0.2176669921875,0.0752125009894371,0.05169999971985817,0.1120624989271164
1772541033110576600,0.22757666015625,0.05169999971985817,0.10491249710321426,0.1354375034570694
1772541033120486400,0.237486328125,0.03684999793767929,0.14423750340938568,0.14932499825954437
1772541033130396400,0.247396484375,0.043175000697374344,0.14643749594688416,0.1621125042438507
1772541033140306200,0.25730615234375,0.06875000149011612,0.12196250259876251,0.18658749759197235
1772541033150216200,0.26721630859375,0.09748750180006027,0.1527625024318695,0.2685374915599823
1772541033160126000,0.2771259765625,0.10491249710321426,0.14217500388622284,0.3642374873161316
1772541033170035700,0.28703564453125,0.11769999563694,0.16664999723434448,0.4292750060558319
1772541033179945700,0.29694580078125,0.1358499974012375,0.23045000433921814,0.48028749227523804
1772541033189855500,0.30685546875,0.12732499837875366,0.3763374984264374,0.5101249814033508
1772541033199765200,0.31676513671875,0.10284999758005142,0.5912500023841858,0.5207124948501587
1772541033209675300,0.32667529296875,0.05912499874830246,0.8317375183105469,0.5303375124931335
1772541033219585300,0.336585205078125,0.016637500375509262,1.1308000087738037,0.5813499689102173
1772541033229495000,0.3464951171875,-0.04193750023841858,1.4851374626159668,0.7187125086784363
1772541033239404800,0.35640478515625,-0.09515000134706497,1.87357497215271,0.9230374693870544
1772541033249314800,0.366314697265625,-0.07919999957084656,2.462212562561035,1.1327250003814697
1772541033259224600,0.376224609375,-0.037675000727176666,3.2496750354766846,1.3103749752044678
1772541033269134600,0.386134521484375,0.014437500387430191,3.9201250076293945,1.4520000219345093
1772541033279044400,0.39604443359375,0.09212499856948853,4.164875030517578,1.5094749927520752
1772541033288954000,0.4059541015625,0.2050125002861023,3.9297499656677246,1.46465003490448
1772541033298864000,0.415864013671875,0.3209249973297119,3.388000011444092,1.3157374858856201
1772541033308774100,0.425774169921875,0.3698749840259552,2.810225009918213,1.1241999864578247
1772541033318684000,0.435683837890625,0.34443750977516174,2.223787546157837,0.9187750220298767
1772541033328593700,0.44559375,0.23691250383853912,1.9023125171661377,0.8177124857902527
1772541033338503700,0.455503662109375,0.17737500369548798,1.7374500036239624,0.7495124936103821
1772541033348413400,0.465413330078125,0.20184999704360962,1.5852375030517578,0.6335999965667725
1772541033358323500,0.475323486328125,0.22632500529289246,1.503287434577942,0.5229125022888184
1772541033368233200,0.485233154296875,0.23485000431537628,1.4691874980926514,0.4515500068664551
1772541033378143000,0.49514306640625,0.25286251306533813,1.4064874649047852,0.3866499960422516
1772541033388053000,0.505052978515625,0.2827000021934509,1.3490124940872192,0.3026374876499176
1772541033397962800,0.514962646484375,0.2901250123977661,1.286175012588501,0.28338751196861267
1772541033407872800,0.524872802734375,0.3049750030040741,1.3297624588012695,0.3152875006198883
1772541033417782800,0.53478271484375,0.3433375060558319,1.428762435913086,0.33550000190734863
1772541033437602300,0.554602294921875,0.6679750084877014,1.4489749670028687,-0.045375000685453415
1772541033447512300,0.56451220703125,0.7690374851226807,1.5884000062942505,-0.2827000021934509
1772541033457422000,0.574422119140625,0.7583125233650208,1.5863374471664429,-0.32848748564720154
1772541033467332000,0.58433203125,0.6859874725341797,0.47850000858306885,0.15895000100135803
1772541033477241900,0.594241943359375,0.5115000009536743,-0.14726249873638153,0.5121874809265137
1772541033487151600,0.604151611328125,0.36465001106262207,-0.6187499761581421,0.4398624897003174
1772541033497061600,0.6140615234375,0.4241875112056732,-0.7954375147819519,0.15674999356269836
1772541033506971400,0.623971435546875,0.5530250072479248,-0.943387508392334,-0.1551000028848648
1772541033516881200,0.633881103515625,0.6551874876022339,-1.0711250305175781,-0.40411248803138733
1772541033526791400,0.64379150390625,0.7434625029563904,-1.0795124769210815,-0.5796999931335449
1772541033536701200,0.653701171875,0.8328375220298767,-0.9444875121116638,-0.6765000224113464
1772541033546611000,0.66361083984375,0.9297749996185303,-0.6762250065803528,-0.6733375191688538
1772541033556520700,0.673520751953125,0.9307374954223633,-0.2857249975204468,-0.6338750123977661
1772541033566430700,0.6834306640625,0.8456249833106995,0.16554999351501465,-0.6668750047683716
1772541033576340500,0.693340576171875,0.7466250061988831,0.3240875005722046,-0.8744999766349792
1772541033586250200,0.703250244140625,0.6190249919891357,0.201712504029274,-1.2086249589920044
1772541033596160500,0.713160400390625,0.5455999970436096,-0.016362499445676804,-1.5162124633789062
1772541033606070300,0.7230703125,0.5710374712944031,-0.21230000257492065,-1.7300249338150024
1772541033615980000,0.73297998046875,0.6190249919891357,-0.3708375096321106,-1.8855375051498413
1772541033625889800,0.742889892578125,0.608299970626831,-0.6571124792098999,-1.9758750200271606
1772541033635799800,0.7527998046875,0.5721374750137329,-0.9667624831199646,-1.981237530708313
1772541033645709800,0.762709716796875,0.5997750163078308,-1.1093499660491943,-1.9535999298095703
1772541033655619600,0.77261962890625,0.7093625068664551,-1.0210750102996826,-1.9226624965667725
1772541033665529300,0.782529296875,0.794612467288971,-0.981612503528595,-1.8929624557495117
1772541033675439000,0.792439208984375,0.783887505531311,-1.0136499404907227,-1.780074954032898
1772541033685349000,0.80234912109375,0.6487249732017517,-0.9018625020980835,-1.5950000286102295
1772541033695259000,0.8122587890625,0.39022499322891235,-0.9092875123023987,-1.5672249794006348
1772541033705169000,0.8221689453125,0.08689999580383301,-0.897599995136261,-1.805649995803833
1772541033715078700,0.83207861328125,-0.2153249979019165,-0.6847500205039978,-2.1451375484466553
1772541033724988700,0.84198876953125,-0.5421624779701233,-0.44852501153945923,-2.336674928665161
1772541033734898400,0.8518984375,-0.8006625175476074,-0.26124998927116394,-2.3792998790740967
1772541033744808200,0.86180810546875,-0.9018625020980835,-0.17393749952316284,-2.291987419128418
1772541033754718500,0.871718505859375,-0.8347625136375427,-0.08882500231266022,-2.063187599182129
1772541033764628200,0.881628173828125,-0.6304374933242798,-0.1568875014781952,-1.748175024986267
1772541033774538200,0.891538330078125,-0.39311251044273376,-0.49211248755455017,-1.4289000034332275
1772541033784448000,0.901447998046875,-0.16747500002384186,-0.8848124742507935,-1.2586749792099
1772541033794357800,0.911357666015625,0.043175000697374344,-1.2678874731063843,-1.2469874620437622
1772541033804267800,0.921267822265625,0.15070000290870667,-1.621262550354004,-1.2501499652862549
1772541033814177500,0.931177490234375,0.12622499465942383,-1.8277875185012817,-1.2139874696731567
1772541033824087300,0.94108740234375,0.01979999989271164,-1.8330124616622925,-1.1778249740600586
1772541033833997300,0.950997314453125,-0.1344749927520752,-1.7373124361038208,-1.2139874696731567
1772541033843907000,0.960906982421875,-0.2994749844074249,-1.5404125452041626,-1.320412516593933
1772541033853816800,0.97081689453125,-0.46021249890327454,-1.2265000343322754,-1.377887487411499
1772541033863726800,0.980726806640625,-0.6113250255584717,-0.806024968624115,-1.3947999477386475
1772541033873636900,0.990636962890625,-0.6953374743461609,-0.3324750065803528,-1.368262529373169
1772541033883546600,1.000546630859375,-0.720912516117096,0.020762499421834946,-1.3395249843597412
1772541033893456600,1.01045654296875,-0.7144500017166138,0.19112500548362732,-1.3235750198364258
1772541033903366400,1.020366455078125,-0.6687999963760376,0.12402500212192535,-1.2618374824523926
1772541033913276200,1.030276123046875,-0.5985375046730042,-0.05692499876022339,-1.1490875482559204
1772541033923186200,1.040186279296875,-0.526075005531311,-0.25052499771118164,-1.0042999982833862
1772541033933096000,1.050095947265625,-0.45374998450279236,-0.35694998502731323,-0.8765624761581421
1772541033943006000,1.060005859375,-0.3973749876022339,-0.26551249623298645,-0.8212875127792358
1772541033952915700,1.069915771484375,-0.38885000348091125,-0.0728750005364418,-0.8329749703407288
1772541033962825500,1.079825439453125,-0.44206249713897705,0.13474999368190765,-0.8702374696731567
1772541033972735500,1.089735595703125,-0.5123249888420105,0.3656125068664551,-0.9574124813079834
1772541033982645200,1.099645263671875,-0.5581125020980835,0.5081999897956848,-1.0586124658584595
1772541033992555300,1.10955517578125,-0.6165499687194824,0.5656750202178955,-1.0936750173568726
1772541034002465300,1.11946533203125,-0.6708624958992004,0.5838249921798706,-1.0319374799728394
1772541034012375000,1.129375,-0.6506500244140625,0.5763999819755554,-0.8797249794006348
1772541034022284800,1.139284912109375,-0.571862518787384,0.5306124687194824,-0.6978124976158142
1772541034032194800,1.14919482421875,-0.47079998254776,0.4390375018119812,-0.550962507724762
1772541034042104600,1.1591044921875,-0.34732499718666077,0.3390749990940094,-0.47533750534057617
1772541034052014300,1.169014404296875,-0.22384999692440033,0.24117499589920044,-0.46584999561309814
1772541034061924400,1.17892431640625,-0.12168750166893005,0.15812499821186066,-0.4881249964237213
1772541034071834000,1.188834228515625,-0.08016250282526016,0.0835999995470047,-0.5478000044822693
1772541034081744100,1.198744140625,-0.08772499859333038,0.06338749825954437,-0.6104999780654907
1772541034091654000,1.20865380859375,-0.10999999940395355,0.09322500228881836,-0.6169624924659729
1772541034101564000,1.21856396484375,-0.13983750343322754,0.133650004863739,-0.5700749754905701
1772541034111473700,1.2284736328125,-0.14726249873638153,0.19112500548362732,-0.5126000046730042
1772541034121383700,1.2383837890625,-0.1313125044107437,0.24323749542236328,-0.47850000858306885
1772541034131293400,1.24829345703125,-0.11742500215768814,0.254925012588501,-0.48069998621940613
1772541034141203500,1.258203369140625,-0.11742500215768814,0.25066250562667847,-0.5094375014305115
1772541034151113200,1.26811328125,-0.14093749225139618,0.22728750109672546,-0.5530250072479248
1772541034161023000,1.27802294921875,-0.172837495803833,0.20913749933242798,-0.5765374898910522
1772541034170933000,1.28793310546875,-0.20473749935626984,0.21986250579357147,-0.5785999894142151
1772541034180842800,1.2978427734375,-0.22921249270439148,0.2730749845504761,-0.5839625000953674
1772541034190752500,1.30775244140625,-0.25052499771118164,0.32628750801086426,-0.6041749715805054
1772541034200662500,1.31766259765625,-0.2909500002861023,0.38376250863075256,-0.6605499982833862
1772541034210572300,1.327572265625,-0.3302749991416931,0.5103999972343445,-0.7616124749183655
1772541034220482300,1.337482421875,-0.3515875041484833,0.7050999999046326,-0.8904500007629395
1772541034230392000,1.34739208984375,-0.36121249198913574,0.942425012588501,-1.0532499551773071
1772541034240301800,1.3573017578125,-0.3825249969959259,1.153212547302246,-1.2490500211715698
1772541034250211800,1.3672119140625,-0.3973749876022339,1.3330625295639038,-1.4320625066757202
1772541034260121900,1.377121826171875,-0.4474250078201294,1.4266999959945679,-1.5800124406814575
1772541034270031600,1.387031494140625,-0.5495874881744385,1.4958624839782715,-1.6715874671936035
1772541034279941600,1.396941650390625,-0.6538124680519104,1.5576000213623047,-1.6917999982833862
1772541034289851400,1.406851318359375,-0.7198125123977661,1.5149749517440796,-1.6704875230789185
1772541034299761200,1.41676123046875,-0.7570750117301941,1.3681249618530273,-1.5938999652862549
1772541034309671200,1.426671142578125,-0.7698624730110168,1.1308000087738037,-1.4257375001907349
1772541034319581000,1.436580810546875,-0.7591375112533569,0.9446250200271606,-1.268162488937378
1772541034329490700,1.44649072265625,-0.6964374780654907,0.849887490272522,-1.2139874696731567
1772541034339400700,1.456400634765625,-0.6122875213623047,0.804099977016449,-1.2618374824523926
1772541034349310500,1.466310546875,-0.5186499953269958,0.8009374737739563,-1.386412501335144
1772541034359220200,1.47622021484375,-0.4441249966621399,0.9020000100135803,-1.5938999652862549
1772541034369130500,1.486130615234375,-0.41126251220703125,1.118012547492981,-1.8429124355316162
1772541034379040000,1.4960400390625,-0.42721250653266907,1.3277000188827515,-2.08023738861084
1772541034388950000,1.505949951171875,-0.4973374903202057,1.5001250505447388,-2.25362491607666
1772541034398860000,1.515860107421875,-0.600600004196167,1.5884000062942505,-2.361150026321411
1772541034408769800,1.525769775390625,-0.6773250102996826,1.6139750480651855,-2.393049955368042
1772541034418679600,1.535679443359375,-0.7059249877929688,1.6160374879837036,-2.42398738861084
1772541034428589600,1.545589599609375,-0.7123875021934509,1.5735499858856201,-2.419724941253662
1772541034438499300,1.555499267578125,-0.6825500130653381,1.5533374547958374,-2.3867249488830566
1772541034448409000,1.5654091796875,-0.6102250218391418,1.6139750480651855,-2.3887875080108643
1772541034458319000,1.575319091796875,-0.5314375162124634,1.6916625499725342,-2.453824996948242
1772541034468228900,1.585228759765625,-0.4824874997138977,1.6458749771118164,-2.5719375610351562
1772541034478138600,1.595138671875,-0.4622749984264374,1.55649995803833,-2.7549500465393066
1772541034488048600,1.605048583984375,-0.40273749828338623,1.565024971961975,-2.9326000213623047
1772541034497958400,1.61495849609375,-0.2633124887943268,1.5490750074386597,-2.9805874824523926
1772541034507868200,1.6248681640625,-0.028049999848008156,1.454337477684021,-2.934799909591675
1772541034517778400,1.6347783203125,0.36781248450279236,1.269124984741211,-2.8432250022888184
1772541034527688200,1.644688232421875,0.7158250212669373,1.1308000087738037,-2.7347373962402344
1772541034537598000,1.654597900390625,0.8595125079154968,1.1489499807357788,-2.61442494392395
1772541034547508000,1.664508056640625,0.7955750226974487,1.3160125017166138,-2.4644124507904053
1772541034557417700,1.674417724609375,0.4805625081062317,1.6629250049591064,-2.181299924850464
1772541034567327500,1.684327392578125,-0.031212499365210533,2.191887378692627,-1.6790125370025635
1772541034577237500,1.694237548828125,-0.5570124983787537,2.7803874015808105,-0.9776250123977661
1772541034587147300,1.704147216796875,-0.7943375110626221,2.9090874195098877,-0.41786250472068787
1772541034597057300,1.714057373046875,-0.7177500128746033,2.538800001144409,-0.17957499623298645
1772541034606967000,1.723967041015625,-0.5048999786376953,2.008737564086914,-0.20721249282360077
1772541034616876800,1.733876708984375,-0.3345375061035156,1.4192750453948975,-0.24543750286102295
1772541034626786800,1.743786865234375,-0.3068999946117401,0.7073000073432922,-0.17104999721050262
1772541034636696800,1.75369677734375,-0.41442498564720154,0.15592500567436218,-0.1699499934911728
1772541034646606600,1.763606689453125,-0.675125002861023,-0.21230000257492065,-0.29768750071525574
1772541034656516600,1.7735166015625,-1.044450044631958,-0.5475249886512756,-0.4636499881744385
1772541034666426400,1.78342626953125,-1.380774974822998,-0.7028999924659729,-0.5370749831199646
1772541034676336400,1.79333642578125,-1.539312481880188,-0.7081249952316284,-0.48179998993873596
1772541034686246100,1.80324609375,-1.4764750003814697,-0.6699000000953674,-0.2732124924659729
1772541034696156200,1.81315625,-1.213575005531311,-0.6219124794006348,-0.008112499490380287
1772541034706066200,1.823066162109375,-0.9113500118255615,-0.5772249698638916,0.1504250019788742
1772541034715975700,1.8329755859375,-0.7997000217437744,-0.47189998626708984,0.03863750025629997
1772541034725885400,1.842885498046875,-0.8177124857902527,-0.17173749208450317,-0.24447499215602875
1772541034735795700,1.852795654296875,-0.785812497138977,0.14643749594688416,-0.4497624933719635
1772541034745705200,1.862705322265625,-0.6389625072479248,0.26138749718666077,-0.5009124875068665
1772541034755615200,1.872615234375,-0.31322500109672546,0.16128750145435333,-0.48922500014305115
1772541034765525200,1.882525146484375,0.15496249496936798,-0.05582499876618385,-0.43601250648498535
1772541034775435000,1.89243505859375,0.634975016117096,-0.2686749994754791,-0.33701249957084656
1772541034785344800,1.9023447265625,0.9477875232696533,-0.1835625022649765,-0.21353749930858612
1772541034795254800,1.9122548828125,1.0052624940872192,0.15702499449253082,-0.10615000128746033
1772541034805164500,1.92216455078125,0.9744625091552734,0.6711375117301941,-0.0518375001847744
1772541034815074300,1.93207421875,0.9340375065803528,1.0605374574661255,-0.052937500178813934
1772541034824984300,1.941984375,0.7519875168800354,1.2563375234603882,-0.11990000307559967
1772541034834894000,1.95189404296875,0.5178250074386597,1.427799940109253,-0.2040500044822693
1772541034844803800,1.961803955078125,0.37523749470710754,1.4404499530792236,-0.2040500044822693
1772541034854713900,1.9717138671875,0.4295499920845032,1.2935999631881714,-0.11563749611377716
1772541034864623600,1.98162353515625,0.6700375080108643,1.0744249820709229,0.045099999755620956
1772541034874533600,1.99153369140625,0.9084625244140625,0.8328375220298767,0.20996250212192535
1772541034884443400,2.001443359375,1.108525037765503,0.6774625182151794,0.3068999946117401
1772541034894353400,2.011353515625,1.4224375486373901,0.6210874915122986,0.4515500068664551
1772541034904263200,2.02126318359375,1.8097749948501587,0.654087483882904,0.6547750234603882
1772541034914173200,2.031173095703125,2.1833624839782715,0.8391624689102173,0.916575014591217
1772541034924083000,2.0410830078125,2.3600499629974365,1.286175012588501,1.0997250080108643
1772541034933992700,2.05099267578125,2.218562602996826,1.622499942779541,1.037987470626831
1772541034943902700,2.06090283203125,1.8683500289916992,1.4841749668121338,0.6665999889373779
1772541034953812500,2.0708125,1.7076125144958496,0.9020000100135803,0.42391249537467957
1772541034963722500,2.080722412109375,1.6736500263214111,0.3273875117301941,0.5069624781608582
1772541034973632300,2.09063232421875,1.6491750478744507,-0.020624998956918716,0.676087498664856
1772541034983542000,2.1005419921875,1.5692875385284424,-0.09088750183582306,0.6857125163078308
1772541034993452000,2.1104521484375,1.4810124635696411,-0.25905001163482666,0.47712498903274536
1772541035003361800,2.12036181640625,1.377750039100647,-0.30483749508857727,0.3110249936580658
1772541035013271800,2.130271728515625,1.2533124685287476,-0.35062500834465027,0.21642500162124634
1772541035023181800,2.140181884765625,1.0883125066757202,-0.33137500286102295,0.1354375034570694
1772541035033091600,2.150091552734375,0.9169874787330627,-0.30057498812675476,0.17806249856948853
1772541035043001600,2.160001708984375,0.8073999881744385,-0.2441999912261963,0.3515875041484833
1772541035052911400,2.169911376953125,0.7402999997138977,-0.1919499933719635,0.4973374903202057
1772541035062821000,2.179821044921875,0.7710999846458435,-0.05898749828338623,0.5292375087738037
1772541035072731100,2.189731201171875,0.895675003528595,0.23154999315738678,0.6910749673843384
1772541035082641000,2.199640869140625,0.782925009727478,0.5763999819755554,0.8080874681472778
1772541035092550700,2.209550537109375,0.5838249921798706,0.8434249758720398,0.7964000105857849
1772541035102461000,2.2194609375,0.39861249923706055,1.0223125219345093,0.6665999889373779
1772541035112370400,2.229370361328125,0.15496249496936798,0.989312469959259,0.5494499802589417
1772541035122280400,2.239280517578125,-0.0387750007212162,0.8359999656677246,0.5377625226974487
1772541035132190500,2.2491904296875,-0.25478750467300415,0.35612499713897705,0.5112249851226807
1772541035142100200,2.259100341796875,-0.44948750734329224,-0.3218874931335449,0.43353748321533203
1772541035152010000,2.269010009765625,-0.5803874731063843,-0.9294999837875366,0.30469998717308044
1772541035161920000,2.278919921875,-0.637862503528595,-1.1901999711990356,0.2578125
1772541035171829800,2.288829833984375,-0.7070249915122986,-0.9039250016212463,0.2546499967575073
1772541035181739800,2.29873974609375,-0.7411249876022339,-0.49431249499320984,0.30469998717308044
1772541035191649500,2.3086494140625,-0.6825500130653381,-0.1909874975681305,0.2844874858856201
1772541035201559300,2.318559326171875,-0.5601750016212463,-0.02708750031888485,0.2046000063419342
1772541035211469300,2.32846923828125,-0.40273749828338623,0.06875000149011612,0.09721250087022781
1772541035221379300,2.33837939453125,-0.2761000096797943,0.15070000290870667,0.025849999859929085
1772541035231289000,2.3482890625,-0.2718375027179718,0.2784374952316284,-0.015675000846385956
1772541035241199000,2.35819921875,-0.3718000054359436,0.4390375018119812,-0.04647500067949295
1772541035251108900,2.36810888671875,-0.5154874920845032,0.5167250037193298,-0.03368749842047691
1772541035261018600,2.3780185546875,-0.6612374782562256,0.49334999918937683,-0.02199999988079071
1772541035270928600,2.3879287109375,-0.7804499864578247,0.44756248593330383,-0.018837500363588333
1772541035280838400,2.39783837890625,-0.8666625022888184,0.4666749835014343,-0.02736249938607216
1772541035290748400,2.40774853515625,-0.880549967288971,0.5092999935150146,-0.060362499207258224
1772541035300658200,2.417658203125,-0.8123499751091003,0.5167250037193298,-0.10395000129938126
1772541035310568000,2.42756787109375,-0.6964374780654907,0.4497624933719635,-0.1634874939918518
1772541035320477700,2.437477783203125,-0.5421624779701233,0.3539249897003174,-0.18796250224113464
1772541035330387700,2.4473876953125,-0.4388999938964844,0.25286251306533813,-0.13901250064373016
1772541035340297700,2.457297607421875,-0.4516874849796295,0.19965000450611115,-0.10615000128746033
1772541035350207500,2.46720751953125,-0.591112494468689,0.2634499967098236,-0.11783749610185623
1772541035360117500,2.477117431640625,-0.8028625249862671,0.3550249934196472,-0.22852499783039093
1772541035370027300,2.48702734375,-0.9656624794006348,0.35282498598098755,-0.3051125109195709
1772541035379937300,2.496937255859375,-0.9880750179290771,0.14643749594688416,-0.2934249937534332
1772541035389847000,2.506846923828125,-0.8964999914169312,-0.05156249925494194,-0.2508000135421753
1772541035399757000,2.516757080078125,-0.8199124932289124,-0.1260875016450882,-0.13901250064373016
1772541035409666800,2.526666748046875,-0.7900750041007996,-0.18782499432563782,-0.32958748936653137
1772541035419576600,2.53657666015625,-0.7826499938964844,-0.19731250405311584,-0.5860249996185303
1772541035429486800,2.54648681640625,-0.7815499901771545,-0.2686749994754791,-0.6659125089645386
1772541035439396600,2.556396728515625,-0.7591375112533569,-0.4676375091075897,-0.7467625141143799
1772541035449306400,2.566306396484375,-0.7464874982833862,-0.6613749861717224,-0.8872874975204468
1772541035459216400,2.57621630859375,-0.7389249801635742,-0.6528499722480774,-0.8648750185966492
1772541035469126100,2.586126220703125,-0.7283374667167664,-0.4857875108718872,-0.6733375191688538
1772541035479036200,2.5960361328125,-0.7112874984741211,-0.22398750483989716,-0.5392749905586243
1772541035488946000,2.60594580078125,-0.6347000002861023,0.10917499661445618,-0.45086249709129333
1772541035498855700,2.615855712890625,-0.5091624855995178,0.3485625088214874,-0.4636499881744385
1772541035508765700,2.625765625,-0.3601124882698059,0.3049750030040741,-0.6488624811172485
1772541035518675500,2.635675537109375,-0.18768750131130219,0.045237500220537186,-0.9266124963760376
1772541035528585500,2.64558544921875,0.0411125011742115,-0.45374998450279236,-1.259637475013733
1772541035538495500,2.65549560546875,0.3614875078201294,-0.8912749886512756,-1.6258000135421753
1772541035548405200,2.6654052734375,0.5721374750137329,-0.9678624868392944,-1.3480499982833862
1772541035558315000,2.67531494140625,0.523187518119812,-0.7442874908447266,-0.9255124926567078
1772541035568225000,2.68522509765625,0.3040125072002411,-0.29205000400543213,-0.690387487411499
1772541035578134800,2.695134765625,0.08153750002384186,0.17407499253749847,-0.5711749792098999
1772541035588044800,2.705044921875,0.002749999985098839,0.5295125246047974,-0.34127500653266907
1772541035597954600,2.71495458984375,0.06338749825954437,0.6381375193595886,-0.07095000147819519
1772541035607864300,2.7248642578125,0.2400749921798706,0.6274124979972839,0.10779999941587448
1772541035617774300,2.7347744140625,0.430649995803833,0.6285125017166138,0.27816250920295715
1772541035627684400,2.744684326171875,0.5582500100135803,0.5561875104904175,0.4142875075340271
1772541035637594000,2.754593994140625,0.6392375230789185,0.47203749418258667,0.5229125022888184
1772541035647504100,2.764504150390625,0.7434625029563904,0.5326749682426453,0.7144500017166138
1772541035657414000,2.774413818359375,0.8328375220298767,0.6370375156402588,0.9836750030517578
1772541035667323600,2.78432373046875,0.979687511920929,0.88714998960495,1.2465749979019165
1772541035677233700,2.794233642578125,1.1660000085830688,1.100962519645691,1.391224980354309
1772541035687143400,2.804143310546875,1.2649999856948853,1.2181124687194824,1.29868745803833
1772541035697053200,2.81405322265625,1.1606374979019165,1.2893375158309937,1.0709874629974365
1772541035706963500,2.82396337890625,1.0286375284194946,1.1521124839782715,0.8687250018119812
1772541035716873000,2.833873046875,0.9605749845504761,0.7881500124931335,0.7079874873161316
1772541035726783000,2.843782958984375,0.9116249680519104,0.36877501010894775,0.6580749750137329
1772541035736693000,2.85369287109375,0.8222500085830688,0.005912499967962503,0.7303999662399292
1772541035746602800,2.863602783203125,0.6561499834060669,-0.22921249270439148,0.8017625212669373
1772541035756512500,2.873512451171875,0.4731374979019165,-0.2952125072479248,0.861299991607666
1772541035766422500,2.883422607421875,0.37950000166893005,-0.18672500550746918,0.927299976348877
1772541035776332300,2.893332275390625,0.4156624972820282,-0.035612501204013824,1.001824975013733
1772541035786242300,2.9032421875,0.43697500228881836,0.1527625024318695,0.9922000169754028
1772541035796152300,2.91315234375,0.3689124882221222,0.29864999651908875,0.8219749927520752
1772541035806062000,2.92306201171875,0.23154999315738678,0.3315125107765198,0.5601750016212463
1772541035815971800,2.932971923828125,0.045375000685453415,0.24860000610351562,0.3684999942779541
1772541035825881900,2.9428818359375,-0.07493750005960464,0.10271249711513519,0.3525499999523163
1772541035835791600,2.95279150390625,-0.11646249890327454,-0.1313125044107437,0.4643374979496002
1772541035845701600,2.96270166015625,-0.13241249322891235,-0.42611250281333923,0.5451874732971191
1772541035855611400,2.972611328125,-0.10683749616146088,-0.5037999749183655,0.5505499839782715
1772541035865521200,2.982521240234375,-0.057887498289346695,-0.4388999938964844,0.5431249737739563
1772541035875431200,2.99243115234375,0.007012499962002039,-0.279262512922287,0.5069624781608582
1772541035885341000,3.0023408203125,0.08896250277757645,-0.01746249943971634,0.4452250003814697
1772541035895251000,3.0122509765625,0.1358499974012375,0.17201249301433563,0.40053749084472656
1772541035905161000,3.022160888671875,0.14959999918937683,0.29961249232292175,0.3451249897480011
1772541035915070500,3.032070556640625,0.14959999918937683,0.3507624864578247,0.3078624904155731
1772541035924980500,3.04198046875,0.12622499465942383,0.3273875117301941,0.3068999946117401
1772541035934890500,3.051890380859375,0.11563749611377716,0.2815999984741211,0.3345375061035156
1772541035944800300,3.06180029296875,0.10284999758005142,0.26028749346733093,0.36959999799728394
1772541035954710300,3.071710205078125,0.08153750002384186,0.3209249973297119,0.3770250082015991
1772541035964620000,3.0816201171875,0.002749999985098839,0.5209875106811523,0.35791251063346863
1772541035974529800,3.09152978515625,-0.055687498301267624,0.7551500201225281,0.3100624978542328
1772541035984439800,3.101439697265625,0.08153750002384186,0.9956374764442444,0.20996250212192535
1772541035994349800,3.111349853515625,0.5721374750137329,1.176587462425232,0.04922499880194664
1772541036004259600,3.121259521484375,1.2329624891281128,1.1797499656677246,-0.11453749984502792
1772541036014169300,3.13116943359375,1.7619249820709229,1.1244750022888184,-0.14863750338554382
1772541036024079400,3.141079345703125,2.153524875640869,0.8265125155448914,0.09075000137090683
1772541036033989000,3.150989013671875,2.7186501026153564,0.43793749809265137,0.6665999889373779
1772541036043899100,3.160899169921875,3.206087589263916,-0.10793749988079071,0.526075005531311
1772541036053809000,3.170808837890625,3.153975009918213,-0.5154874920845032,0.042899999767541885
1772541036063719000,3.180718994140625,2.531374931335449,-0.5154874920845032,-0.24227499961853027
1772541036073629000,3.19062890625,1.555537462234497,-0.27390000224113464,-0.3125374913215637
1772541036083538700,3.20053857421875,0.6370375156402588,-0.09515000134706497,-0.27527499198913574
1772541036093448700,3.21044873046875,-0.059950001537799835,-0.2974124848842621,-0.1518000066280365
1772541036103358500,3.2203583984375,-0.534600019454956,-0.7103250026702881,0.007837500423192978
1772541036113268500,3.2302685546875,-1.029462456703186,-1.204087495803833,0.17916250228881836
1772541036123178200,3.24017822265625,-1.558424949645996,-1.547837495803833,0.317487508058548
1772541036133088000,3.250087890625,-2.0043375492095947,-1.1455124616622925,0.28654998540878296
1772541036142998000,3.259998046875,-2.447087526321411,-0.6665999889373779,0.3026374876499176
1772541036152908000,3.269907958984375,-2.7791500091552734,-0.25052499771118164,0.3068999946117401
1772541036162817800,3.27981787109375,-2.9834749698638916,0.14423750340938568,0.1621125042438507
1772541036172727800,3.289727783203125,-3.1196000576019287,0.18576249480247498,0.11426249891519547
1772541036182637600,3.299637451171875,-3.114374876022339,-0.05156249925494194,0.30153748393058777
1772541036192547300,3.30954736328125,-3.0131750106811523,-0.5484874844551086,0.583549976348877
1772541036202457300,3.319457275390625,-2.7482125759124756,-1.178512454032898,0.8006625175476074
1772541036212367000,3.3293671875,-2.2129249572753906,-1.707474946975708,0.8857749700546265
1772541036222277000,3.339277099609375,-1.5285874605178833,-2.210862398147583,0.9250999689102173
1772541036232187000,3.349186767578125,-1.1583000421524048,-2.451349973678589,0.9198749661445618
1772541036242097000,3.359096923828125,-1.1136125326156616,-1.5552624464035034,0.6208124756813049
1772541036252006700,3.369006591796875,-1.0040249824523926,0.06558749824762344,0.040837500244379044
1772541036261916700,3.378916748046875,-0.6730625033378601,1.0030624866485596,-0.3614875078201294
1772541036271826400,3.388826416015625,-0.20157499611377716,0.8391624689102173,-0.4104374945163727
1772541036281736400,3.398736328125,0.2167000025510788,0.2699125111103058,-0.3349500000476837
1772541036291646200,3.408646240234375,0.5252500176429749,-0.06861250102519989,-0.3657499849796295
1772541036301556000,3.418555908203125,0.5817624926567078,0.013337500393390656,-0.5530250072479248
1772541036311466000,3.428466064453125,0.46254998445510864,0.22302499413490295,-0.7903500199317932
1772541036321376000,3.4383759765625,0.2167000025510788,0.29864999651908875,-0.9553499817848206
1772541036331285800,3.44828564453125,-0.06751249730587006,0.2059749960899353,-0.9244124889373779
1772541036341195500,3.458195556640625,-0.37290000915527344,-0.002612499985843897,-0.7339749932289124
1772541036351105500,3.46810546875,-0.7464874982833862,-0.3676750063896179,-0.5467000007629395
1772541036370925300,3.48792529296875,-1.3242624998092651,-0.8955374956130981,-0.3796375095844269
1772541036380835000,3.4978349609375,-1.2285624742507935,-1.1508749723434448,-0.3051125109195709
1772541036390744800,3.507744873046875,-0.8549749851226807,-1.3956249952316284,-0.2199999988079071
1772541036400654800,3.51765478515625,-0.3207874894142151,-1.4095125198364258,-0.17311249673366547
1772541036410564900,3.52756494140625,-0.20583750307559967,-0.9689624905586243,-0.1859000027179718
1772541036420474600,3.537474609375,-0.17599999904632568,-0.5570124983787537,-0.025162499397993088
1772541036430384600,3.547384521484375,-0.08662500232458115,-0.16335000097751617,0.21848750114440918
1772541036440294400,3.55729443359375,0.0644875019788742,-0.050462499260902405,0.3568125069141388
1772541036450204400,3.567204345703125,-0.021724998950958252,0.1069749966263771,0.24406249821186066
1772541036460114200,3.5771142578125,-0.3419624865055084,0.33797499537467957,0.059950001537799835
1772541036470024000,3.58702392578125,-0.6389625072479248,0.524150013923645,-0.09968750178813934
1772541036479933700,3.59693359375,-0.9912375211715698,0.6550499796867371,-0.10615000128746033
1772541036489844000,3.606843994140625,-1.5168999433517456,1.0041625499725342,-0.20184999704360962
1772541036499753700,3.616753662109375,-1.9713374376296997,1.2670625448226929,-0.14973749220371246
1772541036509663500,3.62666357421875,-2.3204500675201416,1.1382249593734741,0.030112499371170998
1772541036519573500,3.636573486328125,-2.5322000980377197,0.8797249794006348,0.11852499842643738
1772541036529483300,3.646483154296875,-2.646049976348877,0.682824969291687,0.07163749635219574
1772541036539393300,3.656393310546875,-2.6918375492095947,0.5816249847412109,-0.040150001645088196
1772541036549303000,3.666302978515625,-2.7163124084472656,0.4017750024795532,-0.1443749964237213
1772541036559212800,3.676212890625,-2.7131500244140625,0.2358125001192093,-0.1975875049829483
1772541036569122800,3.686122802734375,-2.621574878692627,0.12292499840259552,-0.1816374957561493
1772541036579032800,3.69603271484375,-2.4747250080108643,0.15166249871253967,-0.1284250020980835
1772541036588942600,3.705942626953125,-2.3034000396728516,0.26138749718666077,-0.09116250276565552
1772541036598852600,3.7158525390625,-2.145824909210205,0.2634499967098236,-0.1284250020980835
1772541036608762400,3.725762451171875,-2.333237409591675,-0.16747500002384186,0.17489999532699585
1772541036618672000,3.735672119140625,-3.0025875568389893,-0.5985375046730042,0.6632999777793884
1772541036628582100,3.74558203125,-2.980175018310547,-0.5762624740600586,0.546287477016449
1772541036638492200,3.7554921875,-2.2587125301361084,-0.47079998254776,0.05252499878406525
1772541036648402200,3.765402099609375,-1.4019500017166138,-0.3665750026702881,-0.29122498631477356
1772541036658312000,3.77531201171875,-0.7229750156402588,-0.22398750483989716,-0.4030124843120575
1772541036678131700,3.795131591796875,-0.1313125044107437,-0.04729999974370003,-0.2529999911785126
1772541036688041500,3.80504150390625,-0.10147500038146973,-0.007837500423192978,-0.09968750178813934
1772541036697951500,3.814951416015625,-0.06847500056028366,0.009074999950826168,0.03753750026226044
1772541036707861200,3.824861328125,0.04001250118017197,0.002749999985098839,0.11096250265836716
1772541036717771000,3.83477099609375,0.03891250118613243,0.009074999950826168,0.13227500021457672
1772541036727681000,3.844680908203125,0.022962499409914017,0.008112499490380287,0.12484999746084213
1772541036737591000,3.854591064453125,0.008112499490380287,0.030387500301003456,0.08442500233650208
1772541036747500800,3.864500732421875,-0.01952499896287918,0.03258749842643738,0.03437500074505806
1772541036757410800,3.874410888671875,-0.007837500423192978,0.002749999985098839,-0.011412499472498894
1772541036767320600,3.884320556640625,0.01347499992698431,-0.03657500073313713,-0.023099999874830246
1772541036777230300,3.894230224609375,0.012374999932944775,-0.04839999973773956,-0.011412499472498894
1772541036787140400,3.904140380859375,0.011274999938905239,-0.01746249943971634,0.0013749999925494194
1772541036797050000,3.914050048828125,0.009212499484419823,0.03258749842643738,0.0035749999806284904
1772541036806960400,3.92396044921875,0.005912499967962503,0.0494999997317791,0.006737499963492155
1772541036816870100,3.9338701171875,-0.0015124999918043613,0.04633750021457672,0.014162499457597733
1772541036826780000,3.94377978515625,0.0016499999910593033,0.0719124972820282,0.00989999994635582
1772541036836690000,3.95368994140625,0.007012499962002039,0.1069749966263771,-0.0017874999903142452
1772541036846599700,3.963599609375,0.015537500381469727,0.12196250259876251,-0.016637500375509262
1772541036856509700,3.973509765625,0.022962499409914017,0.12828749418258667,-0.03478749841451645
1772541036866419500,3.98341943359375,0.025162499397993088,0.13997499644756317,-0.0518375001847744
1772541036876329200,3.9933291015625,0.028324998915195465,0.1868624985218048,-0.04331250116229057
1772541036886239500,4.003239501953125,0.025162499397993088,0.23897500336170197,-0.007149999961256981
1772541036896149200,4.013149169921875,0.015537500381469727,0.2708750069141388,0.022687500342726707
1772541036906059300,4.023059326171875,0.008112499490380287,0.28792500495910645,0.03753750026226044
1772541036915969000,4.032968994140625,0.012374999932944775,0.2815999984741211,0.03657500073313713
1772541036925878800,4.042878662109375,0.017737500369548798,0.24323749542236328,0.023787500336766243
1772541036935789000,4.0527890625,0.012374999932944775,0.20487499237060547,0.008799999952316284
1772541036945698600,4.062698486328125,0.010174999944865704,0.18576249480247498,-0.0006874999962747097
1772541036955608600,4.072608642578125,0.009212499484419823,0.16775000095367432,0.0013749999925494194
1772541036965518600,4.0825185546875,0.005912499967962503,0.13255000114440918,0.0056374999694526196
1772541036975428400,4.092428466796875,0.007012499962002039,0.08579999953508377,0.013062499463558197
1772541036985338000,4.102338134765625,0.009212499484419823,0.03355000168085098,0.016362499445676804
1772541036995248000,4.112248046875,0.00494999997317791,-0.006874999962747097,0.01209999993443489
1772541037015068000,4.13206787109375,-0.008937500417232513,0.024062499403953552,0.0013749999925494194
1772541037024977700,4.141977783203125,-0.008937500417232513,0.04427500069141388,-0.0017874999903142452
1772541037034887400,4.151887451171875,-0.007837500423192978,0.045237500220537186,0.0013749999925494194
1772541037044797400,4.16179736328125,-0.004674999974668026,0.08786249905824661,0.0013749999925494194
1772541037054707500,4.17170751953125,-0.002474999986588955,0.11769999563694,0.0002749999985098839
1772541037064617200,4.1816171875,-0.0004124999977648258,0.12402500212192535,0.0002749999985098839
1772541037074527000,4.19152685546875,0.008112499490380287,0.11769999563694,-0.0006874999962747097
1772541037084437000,4.20143701171875,0.011274999938905239,0.10491249710321426,-0.0017874999903142452
1772541037094346800,4.2113466796875,0.01979999989271164,0.09006249904632568,-0.006049999967217445
1772541037104256800,4.2212568359375,0.029424998909235,0.07397499680519104,-0.009212499484419823
1772541037114166500,4.23116650390625,0.026262499392032623,0.05376249924302101,-0.008112499490380287
1772541037124076300,4.241076171875,0.012374999932944775,0.045237500220537186,-0.00494999997317791
1772541037133986600,4.250986572265625,0.009212499484419823,0.06228749826550484,0.0002749999985098839
1772541037143896000,4.26089599609375,0.0038499999791383743,0.0835999995470047,0.0013749999925494194
1772541037153806000,4.27080615234375,0.007012499962002039,0.07397499680519104,0.004537499975413084
1772541037163715800,4.2807158203125,0.010174999944865704,0.022962499409914017,0.010999999940395355
1772541037173625900,4.2906259765625,0.00494999997317791,-0.0004124999977648258,0.013062499463558197
1772541037183535900,4.300535888671875,0.002749999985098839,0.03891250118613243,0.014162499457597733
1772541037193445600,4.310445556640625,0.008112499490380287,0.07081250101327896,0.01952499896287918
1772541037203355400,4.32035546875,0.009212499484419823,0.07507500052452087,0.020624998956918716
1772541037213265400,4.330265380859375,0.010174999944865704,0.08786249905824661,0.020624998956918716
1772541037223175400,4.340175537109375,0.008112499490380287,0.11453749984502792,0.015262499451637268
1772541037233085200,4.350085205078125,0.011274999938905239,0.15496249496936798,0.01732499897480011
1772541037242995200,4.3599951171875,0.015537500381469727,0.20707499980926514,0.022687500342726707
1772541037252905000,4.369905029296875,0.02722499892115593,0.25712499022483826,0.02694999985396862
1772541037262815000,4.37981494140625,0.022962499409914017,0.2560249865055084,0.018424998968839645
1772541037272724700,4.389724853515625,0.0038499999791383743,0.20391249656677246,0.0056374999694526196
1772541037282634800,4.399634765625,0.00494999997317791,0.147537499666214,0.0002749999985098839
1772541037292544500,4.40954443359375,0.007012499962002039,0.10491249710321426,0.0013749999925494194
1772541037302454300,4.419454345703125,-0.002474999986588955,0.07301250100135803,0.002474999986588955
1772541037312364300,4.4293642578125,-0.006737499963492155,0.04743750020861626,0.0002749999985098839
1772541037322274000,4.439274169921875,-0.014299999922513962,0.010174999944865704,-0.006049999967217445
1772541037332184000,4.44918408203125,-0.010999999940395355,-0.0057749999687075615,-0.006049999967217445
1772541037342094000,4.459093994140625,-0.015262499451637268,0.002749999985098839,-0.0028874999843537807
1772541037352003800,4.46900390625,-0.01746249943971634,0.013337500393390656,0.0035749999806284904
1772541037361913900,4.478913818359375,-0.02488750033080578,0.020762499421834946,0.010999999940395355
1772541037371823600,4.48882373046875,-0.031212499365210533,0.03148749843239784,0.021587500348687172
1772541037381733400,4.4987333984375,-0.02914999984204769,0.011274999938905239,0.01732499897480011
1772541037391643400,4.508643310546875,-0.023787500336766243,-0.01209999993443489,0.007837500423192978
1772541037401553200,4.51855322265625,-0.018562499433755875,-0.0387750007212162,0.0002749999985098839
1772541037411463200,4.528463134765625,-0.016362499445676804,-0.0695749968290329,-0.003987499978393316
1772541037421373200,4.538373291015625,-0.016362499445676804,-0.10793749988079071,-0.008112499490380287
1772541037431283000,4.548282958984375,-0.01746249943971634,-0.1377750039100647,-0.017737500369548798
1772541037441192700,4.558192626953125,-0.015262499451637268,-0.142037495970726,-0.025162499397993088
1772541037451102700,4.568102783203125,-0.010999999940395355,-0.10477499663829803,-0.02199999988079071
1772541037461012500,4.578012451171875,-0.014299999922513962,-0.023924998939037323,-0.009212499484419823
1772541037470922500,4.587922607421875,-0.018562499433755875,0.08043749630451202,0.01209999993443489
1772541037480832300,4.597832275390625,-0.020624998956918716,0.18892499804496765,0.031212499365210533
1772541037490742300,4.6077421875,-0.016362499445676804,0.27623748779296875,0.03753750026226044
1772541037500652000,4.617652099609375,0.002749999985098839,0.3315125107765198,0.033275000751018524
1772541037510562000,4.62756201171875,0.02199999988079071,0.35282498598098755,0.02474999986588955
1772541037520471800,4.637471923828125,0.02199999988079071,0.32945001125335693,0.018424998968839645
1772541037530381800,4.6473818359375,0.012374999932944775,0.2677125036716461,0.015262499451637268
1772541037540291600,4.65729150390625,0.005912499967962503,0.19112500548362732,0.007837500423192978
1772541037550201300,4.667201416015625,0.0006874999962747097,0.12292499840259552,-0.0006874999962747097
1772541037560111400,4.677111328125,-0.006737499963492155,0.07727500051259995,-0.003987499978393316
1772541037570021400,4.687021484375,-0.014299999922513962,0.05376249924302101,-0.0006874999962747097
1772541037579931100,4.69693115234375,-0.021724998950958252,0.04001250118017197,0.0035749999806284904
1772541037589841000,4.7068408203125,-0.025987500324845314,0.03258749842643738,0.0056374999694526196
1772541037599751000,4.7167509765625,-0.023787500336766243,0.03355000168085098,0.004537499975413084
1772541037609660700,4.72666064453125,-0.018562499433755875,0.04743750020861626,0.004537499975413084
1772541037619570700,4.73657080078125,-0.010037500411272049,0.06875000149011612,0.0035749999806284904
1772541037629480400,4.74648046875,-0.0004124999977648258,0.09102500230073929,0.0002749999985098839
1772541037639390500,4.756390380859375,0.005912499967962503,0.09955000132322311,-0.0028874999843537807
1772541037649300200,4.76630029296875,0.011274999938905239,0.09638749808073044,-0.007149999961256981
1772541037659210200,4.776210205078125,0.015537500381469727,0.08676250278949738,-0.008112499490380287
1772541037669120000,4.7861201171875,0.015537500381469727,0.07617499679327011,-0.008112499490380287
1772541037679030000,4.796030029296875,0.01347499992698431,0.06655000150203705,-0.006049999967217445
1772541037688939800,4.805939697265625,0.009212499484419823,0.058024998754262924,-0.009212499484419823
1772541037698849500,4.815849609375,0.005912499967962503,0.0494999997317791,-0.015675000846385956
1772541037708759600,4.825759521484375,0.0038499999791383743,0.04207500070333481,-0.016637500375509262
1772541037718669300,4.83566943359375,0.0016499999910593033,0.03891250118613243,-0.015675000846385956
1772541037728579300,4.845579345703125,0.0016499999910593033,0.04001250118017197,-0.015675000846385956
1772541037738489000,4.855489013671875,0.0016499999910593033,0.03464999794960022,-0.015675000846385956
1772541037748399000,4.865399169921875,0.0038499999791383743,0.0411125011742115,-0.01347499992698431
1772541037758308900,4.875308837890625,0.0006874999962747097,0.03891250118613243,-0.012374999932944775
1772541037768219000,4.885218994140625,-0.0035749999806284904,0.026124998927116394,-0.011412499472498894
1772541037778128600,4.895128662109375,-0.006737499963492155,0.007012499962002039,-0.015675000846385956
1772541037788038700,4.90503857421875,-0.01209999993443489,-0.018562499433755875,-0.017737500369548798
1772541037797948400,4.914948486328125,-0.010037500411272049,-0.04193750023841858,-0.016637500375509262
1772541037807858400,4.9248583984375,-0.010037500411272049,-0.06531249731779099,-0.014574999921023846
1772541037817768400,4.9347685546875,-0.010037500411272049,-0.08882500231266022,-0.015675000846385956
1772541037827678200,4.94467822265625,-0.006737499963492155,-0.10793749988079071,-0.017737500369548798
1772541037837588200,4.954588134765625,-0.004674999974668026,-0.1036750003695488,-0.018837500363588333
1772541037847498000,4.964498046875,-0.0015124999918043613,-0.09088750183582306,-0.01993750035762787
1772541037857407700,4.97440771484375,-0.0004124999977648258,-0.07177499681711197,-0.01993750035762787
1772541037867317800,4.98431787109375,-0.0015124999918043613,-0.04839999973773956,-0.015675000846385956
1772541037877227800,4.994227783203125,-0.0035749999806284904,-0.02488750033080578,-0.01347499992698431
1772541037887137500,5.004137451171875,-0.010999999940395355,-0.007837500423192978,-0.011412499472498894
1772541037897047600,5.014047607421875,-0.01746249943971634,-0.0004124999977648258,-0.010312499478459358
1772541037906957300,5.023957275390625,-0.023787500336766243,-0.0004124999977648258,-0.009212499484419823
1772541037916867300,5.033867431640625,-0.02914999984204769,-0.006874999962747097,-0.011412499472498894
1772541037926777000,5.043777099609375,-0.03231250122189522,-0.01746249943971634,-0.009212499484419823
1772541037936687000,5.05368701171875,-0.03451250120997429,-0.03244999796152115,-0.009212499484419823
1772541037946596900,5.063596923828125,-0.03451250120997429,-0.03987500071525574,-0.009212499484419823
1772541037956507000,5.0735068359375,-0.035475000739097595,-0.03657500073313713,-0.009212499484419823
1772541037966416600,5.083416748046875,-0.03231250122189522,-0.01966249942779541,-0.011412499472498894
1772541037976326700,5.09332666015625,-0.028049999848008156,-0.002612499985843897,-0.01347499992698431
1772541037996146400,5.113146484375,-0.016362499445676804,0.02186249941587448,-0.011412499472498894
1772541038006056400,5.123056396484375,-0.010037500411272049,0.03148749843239784,-0.008112499490380287
1772541038015966200,5.13296630859375,-0.004674999974668026,0.035750001668930054,-0.007149999961256981
1772541038025876200,5.142876220703125,-0.0015124999918043613,0.03258749842643738,-0.008112499490380287
1772541038035786000,5.152785888671875,0.0006874999962747097,0.02502499893307686,-0.007149999961256981
1772541038045696000,5.162696044921875,0.0006874999962747097,0.013337500393390656,-0.00494999997317791
1772541038055605800,5.172605712890625,-0.0004124999977648258,-0.0015124999918043613,-0.0028874999843537807
1772541038065515800,5.182515869140625,-0.002474999986588955,-0.01746249943971634,-0.0017874999903142452
1772541038075425500,5.192425537109375,-0.0057749999687075615,-0.03244999796152115,-0.0028874999843537807
1772541038085335600,5.20233544921875,-0.006737499963492155,-0.0387750007212162,-0.0028874999843537807
1772541038095245300,5.212245361328125,-0.006737499963492155,-0.0387750007212162,-0.003987499978393316
1772541038105155300,5.2221552734375,-0.0057749999687075615,-0.035612501204013824,-0.00494999997317791
1772541038115065300,5.2320654296875,-0.0057749999687075615,-0.028187500312924385,-0.0028874999843537807
1772541038124975000,5.24197509765625,-0.0057749999687075615,-0.021724998950958252,-0.003987499978393316
1772541038134885000,5.251885009765625,-0.008937500417232513,-0.014299999922513962,-0.00494999997317791
1772541038144795000,5.261794921875,-0.010999999940395355,-0.007837500423192978,-0.00494999997317791
1772541038154705000,5.271704833984375,-0.010037500411272049,-0.0037124999798834324,-0.003987499978393316
1772541038164615000,5.281614990234375,-0.0057749999687075615,-0.010037500411272049,-0.0006874999962747097
1772541038174524700,5.291524658203125,-0.002474999986588955,-0.021724998950958252,0.0035749999806284904
1772541038184434700,5.3014345703125,-0.0004124999977648258,-0.030249999836087227,0.006737499963492155
1772541038194344400,5.311344482421875,0.0006874999962747097,-0.030249999836087227,0.008799999952316284
1772541038204254200,5.321254150390625,0.0016499999910593033,-0.02914999984204769,0.010999999940395355
1772541038214164200,5.331164306640625,0.002749999985098839,-0.025987500324845314,0.010999999940395355
1772541038224074200,5.34107421875,0.0016499999910593033,-0.021724998950958252,0.010999999940395355
1772541038233984300,5.350984375,-0.0004124999977648258,-0.020624998956918716,0.010999999940395355
1772541038243894000,5.36089404296875,-0.0035749999806284904,-0.020624998956918716,0.010999999940395355
1772541038253803800,5.3708037109375,-0.0057749999687075615,-0.025987500324845314,0.00989999994635582
1772541038263713800,5.3807138671875,-0.010037500411272049,-0.030249999836087227,0.007837500423192978
1772541038273623800,5.390623779296875,-0.010037500411272049,-0.03341250121593475,0.008799999952316284
1772541038283533600,5.400533447265625,-0.010037500411272049,-0.037675000727176666,0.00989999994635582
1772541038293443600,5.410443603515625,-0.007837500423192978,-0.04193750023841858,0.00989999994635582
1772541038303353300,5.420353271484375,-0.0057749999687075615,-0.04619999974966049,0.00989999994635582
1772541038313263400,5.430263427734375,-0.004674999974668026,-0.04729999974370003,0.008799999952316284
1772541038323173400,5.44017333984375,-0.0035749999806284904,-0.04619999974966049,0.007837500423192978
1772541038333083100,5.450083251953125,-0.002474999986588955,-0.04413750022649765,0.004537499975413084
1772541038342993200,5.4599931640625,-0.0004124999977648258,-0.04193750023841858,0.004537499975413084
1772541038352903000,5.46990283203125,0.0006874999962747097,-0.037675000727176666,0.0056374999694526196
1772541038362813000,5.47981298828125,0.002749999985098839,-0.03244999796152115,0.0056374999694526196
1772541038372723000,5.489722900390625,0.0038499999791383743,-0.02914999984204769,0.006737499963492155
1772541038382632700,5.4996328125,0.00494999997317791,-0.028187500312924385,0.0056374999694526196
1772541038392542700,5.509542724609375,0.007012499962002039,-0.023924998939037323,0.0035749999806284904
1772541038402452500,5.519452392578125,0.007012499962002039,-0.020624998956918716,0.0035749999806284904
1772541038412362500,5.529362548828125,0.008112499490380287,-0.01209999993443489,0.006737499963492155
1772541038422272500,5.5392724609375,0.008112499490380287,-0.008937500417232513,0.0056374999694526196
1772541038432182300,5.549182373046875,0.009212499484419823,-0.004674999974668026,0.0035749999806284904
1772541038442092300,5.55909228515625,0.009212499484419823,-0.002612499985843897,0.002474999986588955
1772541038452002300,5.569002197265625,0.008112499490380287,-0.0037124999798834324,0.0013749999925494194
1772541038461912000,5.578912109375,0.008112499490380287,-0.0015124999918043613,0.0002749999985098839
1772541038471822000,5.588822021484375,0.007012499962002039,0.004812499973922968,-0.0017874999903142452
1772541038481731800,5.59873193359375,0.008112499490380287,0.010174999944865704,-0.0017874999903142452
1772541038491641900,5.608641845703125,0.008112499490380287,0.011274999938905239,0.0002749999985098839
1772541038501551900,5.6185517578125,0.010174999944865704,0.005912499967962503,0.0002749999985098839
1772541038511462000,5.6284619140625,0.011274999938905239,0.005912499967962503,0.0013749999925494194
1772541038521371600,5.63837158203125,0.008112499490380287,0.011274999938905239,0.0013749999925494194
1772541038531281700,5.64828173828125,0.005912499967962503,0.015537500381469727,-0.0006874999962747097
1772541038541191400,5.65819140625,0.00494999997317791,0.015537500381469727,-0.0028874999843537807
1772541038551101400,5.668101318359375,0.0016499999910593033,0.015537500381469727,-0.003987499978393316
1772541038561011200,5.67801123046875,-0.0004124999977648258,0.010174999944865704,-0.0028874999843537807
1772541038570921200,5.687921142578125,-0.0035749999806284904,-0.0004124999977648258,-0.0017874999903142452
1772541038580831200,5.697831298828125,-0.004674999974668026,-0.011137500405311584,-0.0028874999843537807
1772541038590741200,5.7077412109375,-0.006737499963492155,-0.01746249943971634,-0.0028874999843537807
1772541038600651000,5.717651123046875,-0.004674999974668026,-0.028187500312924385,-0.003987499978393316
1772541038610561000,5.72756103515625,-0.0035749999806284904,-0.03987500071525574,-0.0028874999843537807
1772541038620470800,5.737470703125,-0.0015124999918043613,-0.045099999755620956,-0.0006874999962747097
1772541038630380800,5.747380859375,-0.002474999986588955,-0.045099999755620956,0.0013749999925494194
1772541038640290800,5.757290771484375,-0.002474999986588955,-0.04413750022649765,0.0002749999985098839
1772541038650200800,5.767200927734375,-0.0035749999806284904,-0.04193750023841858,0.0013749999925494194
1772541038660110600,5.777110595703125,-0.0035749999806284904,-0.040837500244379044,0.0035749999806284904
1772541038670020400,5.787020263671875,-0.002474999986588955,-0.03657500073313713,0.0035749999806284904
1772541038679930400,5.796930419921875,-0.0015124999918043613,-0.028187500312924385,0.0035749999806284904
1772541038689840400,5.80684033203125,-0.0004124999977648258,-0.01966249942779541,0.0035749999806284904
1772541038699750400,5.81675048828125,-0.0004124999977648258,-0.015399999916553497,0.002474999986588955
1772541038709660200,5.82666015625,-0.0004124999977648258,-0.015399999916553497,0.002474999986588955
1772541038719570200,5.836570068359375,-0.0015124999918043613,-0.014299999922513962,0.004537499975413084
1772541038729480200,5.846480224609375,-0.002474999986588955,-0.01209999993443489,0.0035749999806284904
1772541038739390000,5.856389892578125,-0.0015124999918043613,-0.011137500405311584,0.0013749999925494194
1772541038749300000,5.866300048828125,-0.0015124999918043613,-0.01209999993443489,0.0013749999925494194
1772541038759210000,5.8762099609375,-0.0004124999977648258,-0.010037500411272049,0.002474999986588955
1772541038769120000,5.8861201171875,-0.0004124999977648258,-0.0037124999798834324,0.0013749999925494194
1772541038779029800,5.89602978515625,-0.0004124999977648258,0.009074999950826168,0.0035749999806284904
1772541038788939800,5.905939697265625,-0.0015124999918043613,0.020762499421834946,0.0035749999806284904
1772541038798849800,5.915849853515625,-0.002474999986588955,0.030387500301003456,0.002474999986588955
1772541038808759600,5.925759521484375,-0.0057749999687075615,0.03464999794960022,0.002474999986588955
1772541038818669600,5.935669677734375,-0.007837500423192978,0.035750001668930054,0.0013749999925494194
1772541038828579600,5.94557958984375,-0.008937500417232513,0.03355000168085098,-0.0017874999903142452
1772541038838489300,5.9554892578125,-0.008937500417232513,0.026124998927116394,-0.0028874999843537807
1772541038848399400,5.9653994140625,-0.006737499963492155,0.016637500375509262,-0.0028874999843537807
1772541038858309400,5.975309326171875,-0.0035749999806284904,0.011274999938905239,-0.0028874999843537807
1772541038868219400,5.985219482421875,-0.0004124999977648258,0.012374999932944775,-0.00494999997317791
1772541038878129200,5.995129150390625,0.002749999985098839,0.01759999990463257,-0.007149999961256981
1772541038888039200,6.0050390625,0.00494999997317791,0.016637500375509262,-0.006049999967217445
1772541038897949200,6.01494921875,0.008112499490380287,0.01759999990463257,-0.0017874999903142452
1772541038907859200,6.024859130859375,0.010174999944865704,0.026124998927116394,0.0013749999925494194
1772541038917769000,6.03476904296875,0.012374999932944775,0.02928750030696392,0.004537499975413084
1772541038927679000,6.044678955078125,0.011274999938905239,0.028324998915195465,0.006737499963492155
1772541038937589000,6.054589111328125,0.010174999944865704,0.024062499403953552,0.004537499975413084
1772541038947499000,6.0644990234375,0.007012499962002039,0.020762499421834946,0.0035749999806284904
1772541038957408800,6.07440869140625,0.0016499999910593033,0.014437500387430191,0.0002749999985098839
1772541038967318800,6.08431884765625,-0.002474999986588955,0.005912499967962503,-0.0006874999962747097
1772541038977228800,6.094228759765625,-0.0057749999687075615,-0.002612499985843897,-0.0017874999903142452
1772541038987138600,6.104138671875,-0.007837500423192978,-0.0057749999687075615,-0.0006874999962747097
1772541038997048600,6.114048583984375,-0.006737499963492155,-0.0057749999687075615,0.0013749999925494194
1772541039006958600,6.12395849609375,-0.004674999974668026,-0.002612499985843897,0.0002749999985098839
1772541039016868400,6.133868408203125,-0.0004124999977648258,0.0005499999970197678,-0.0028874999843537807
1772541039026778400,6.1437783203125,0.00494999997317791,0.005912499967962503,-0.00494999997317791
1772541039036688400,6.1536884765625,0.008112499490380287,0.014437500387430191,-0.00494999997317791
1772541039046598400,6.163598388671875,0.009212499484419823,0.02186249941587448,-0.00494999997317791
1772541039056508400,6.17350830078125,0.010174999944865704,0.022962499409914017,-0.003987499978393316
1772541039066418400,6.18341845703125,0.010174999944865704,0.013337500393390656,-0.0017874999903142452
1772541039076328200,6.193328125,0.007012499962002039,0.0038499999791383743,0.0002749999985098839
1772541039086238200,6.20323828125,0.00494999997317791,-0.0035749999806284904,0.0013749999925494194
1772541039096148200,6.213148193359375,-0.0004124999977648258,-0.010037500411272049,0.002474999986588955
1772541039106058000,6.22305810546875,-0.002474999986588955,-0.016362499445676804,0.002474999986588955
1772541039115968000,6.232968017578125,-0.0057749999687075615,-0.021724998950958252,0.002474999986588955
1772541039125878000,6.2428779296875,-0.006737499963492155,-0.020624998956918716,0.002474999986588955
1772541039135788000,6.2527880859375,-0.006737499963492155,-0.015262499451637268,0.0013749999925494194
1772541039145697800,6.26269775390625,-0.006737499963492155,-0.01209999993443489,0.002474999986588955
1772541039155607800,6.27260791015625,-0.004674999974668026,-0.011137500405311584,0.004537499975413084
1772541039165517800,6.282517822265625,-0.002474999986588955,-0.011137500405311584,0.0056374999694526196
1772541039175427800,6.292427734375,0.0017874999903142452,-0.01209999993443489,0.004537499975413084
1772541039185337900,6.302337890625,0.0038499999791383743,-0.01209999993443489,0.004537499975413084
1772541039195247900,6.312247802734375,0.0038499999791383743,-0.013199999928474426,0.0013749999925494194
1772541039205157600,6.32215771484375,0.0017874999903142452,-0.018562499433755875,-0.0006874999962747097
1772541039215067600,6.332067626953125,-0.0004124999977648258,-0.025987500324845314,-0.0006874999962747097
1772541039224977700,6.341977783203125,-0.002474999986588955,-0.02914999984204769,-0.0006874999962747097
1772541039234887700,6.3518876953125,-0.0035749999806284904,-0.03231250122189522,-0.0017874999903142452
1772541039244797400,6.36179736328125,-0.002474999986588955,-0.03451250120997429,-0.0017874999903142452
1772541039254707500,6.37170751953125,-0.0015124999918043613,-0.03231250122189522,-0.0006874999962747097
1772541039264617500,6.381617431640625,0.0006874999962747097,-0.02708750031888485,-0.0006874999962747097
1772541039274527500,6.391527587890625,0.0017874999903142452,-0.02488750033080578,0.0013749999925494194
1772541039284437200,6.401437255859375,0.00494999997317791,-0.018562499433755875,0.002474999986588955
1772541039294347300,6.41134716796875,0.008112499490380287,-0.006874999962747097,0.002474999986588955
1772541039304257300,6.42125732421875,0.010312499478459358,0.0038499999791383743,0.0034374999813735485
1772541039314167300,6.431167236328125,0.011274999938905239,0.008112499490380287,0.004537499975413084
1772541039324077300,6.441077392578125,0.009212499484419823,0.012374999932944775,0.0034374999813735485
1772541039333987000,6.450987060546875,0.007012499962002039,0.015537500381469727,0.002474999986588955
1772541039343897300,6.4608974609375,0.002749999985098839,0.016637500375509262,0.002474999986588955
1772541039353807000,6.47080712890625,0.0006874999962747097,0.014437500387430191,0.0002749999985098839
1772541039363717000,6.480717041015625,-0.002474999986588955,0.012374999932944775,-0.0006874999962747097
1772541039373627100,6.490627197265625,-0.002474999986588955,0.012374999932944775,-0.0017874999903142452
1772541039383537200,6.500537109375,-0.002474999986588955,0.015537500381469727,0.0002749999985098839
1772541039393447200,6.510447265625,-0.002474999986588955,0.020899999886751175,0.0002749999985098839
1772541039403357200,6.520357177734375,0.0006874999962747097,0.028324998915195465,0.0002749999985098839
1772541039413267200,6.53026708984375,0.002749999985098839,0.03258749842643738,-0.0006874999962747097
1772541039423177000,6.540177001953125,0.006049999967217445,0.03891250118613243,-0.0017874999903142452
1772541039433087000,6.5500869140625,0.008112499490380287,0.04427500069141388,-0.0017874999903142452
1772541039442997000,6.5599970703125,0.008112499490380287,0.04853750020265579,-0.006049999967217445
1772541039452907000,6.569906982421875,0.007012499962002039,0.04633750021457672,-0.009212499484419823
1772541039462817000,6.579817138671875,0.002749999985098839,0.03684999793767929,-0.01347499992698431
1772541039472727000,6.58972705078125,-0.0004124999977648258,0.025162499397993088,-0.015675000846385956
1772541039482637000,6.599636962890625,-0.004674999974668026,0.009212499484419823,-0.015675000846385956
1772541039492546800,6.609546875,-0.008937500417232513,-0.01209999993443489,-0.01347499992698431
1772541039502456800,6.619456787109375,-0.013199999928474426,-0.03657500073313713,-0.010312499478459358
1772541039512366800,6.629366943359375,-0.013199999928474426,-0.060087498277425766,-0.006049999967217445
1772541039522276900,6.63927685546875,-0.01209999993443489,-0.08030000329017639,-0.0006874999962747097
1772541039532187000,6.649186767578125,-0.010037500411272049,-0.09404999762773514,0.0034374999813735485
1772541039542097000,6.659096923828125,-0.0057749999687075615,-0.09941250085830688,0.007699999958276749
1772541039552007000,6.6690068359375,-0.002474999986588955,-0.09831249713897705,0.014162499457597733
1772541039561916700,6.678916748046875,0.0006874999962747097,-0.0929500013589859,0.01952499896287918
1772541039571826700,6.68882666015625,0.002749999985098839,-0.08978749811649323,0.018424998968839645
1772541039581736700,6.69873681640625,0.002749999985098839,-0.0845625028014183,0.015262499451637268
1772541039591646700,6.708646728515625,-0.0004124999977648258,-0.0812624990940094,0.00989999994635582
1772541039601556700,6.718556640625,-0.004674999974668026,-0.07603749632835388,0.007699999958276749
1772541039611466800,6.728466796875,-0.007837500423192978,-0.07067500054836273,0.006737499963492155
1772541039621376800,6.738376708984375,-0.008937500417232513,-0.06641250103712082,0.007699999958276749
1772541039631286800,6.748286865234375,-0.010037500411272049,-0.05898749828338623,0.007699999958276749
1772541039641196800,6.75819677734375,-0.010037500411272049,-0.04729999974370003,0.006737499963492155
1772541039651106800,6.76810693359375,-0.010037500411272049,-0.035612501204013824,0.006737499963492155
1772541039661016800,6.778016845703125,-0.010999999940395355,-0.025987500324845314,0.007699999958276749
1772541039670926800,6.7879267578125,-0.010037500411272049,-0.022824998944997787,0.006737499963492155
1772541039680836900,6.7978369140625,-0.004674999974668026,-0.021724998950958252,0.004537499975413084
1772541039690746600,6.80774658203125,0.0038499999791383743,-0.011137500405311584,0.0013749999925494194
1772541039700656600,6.81765673828125,0.014437500387430191,0.011274999938905239,-0.0028874999843537807
1772541039710566700,6.827566650390625,0.022962499409914017,0.03148749843239784,-0.00494999997317791
1772541039720476700,6.8374765625,0.02722499892115593,0.045375000685453415,-0.00494999997317791
1772541039730386700,6.84738671875,0.025162499397993088,0.05389999970793724,-0.009212499484419823
1772541039740296700,6.857296630859375,0.017737500369548798,0.05486249923706055,-0.009212499484419823
1772541039750206500,6.86720654296875,0.008112499490380287,0.04743750020861626,-0.006049999967217445
1772541039760116500,6.877116455078125,-0.0004124999977648258,0.03464999794960022,-0.003987499978393316
1772541039770026500,6.887026611328125,-0.0057749999687075615,0.025162499397993088,-0.007149999961256981
1772541039779936500,6.8969365234375,-0.010037500411272049,0.028324998915195465,-0.01347499992698431
1772541039789846500,6.906846435546875,-0.010999999940395355,0.03891250118613243,-0.01677500084042549
1772541039799756500,6.916756591796875,-0.010037500411272049,0.045375000685453415,-0.01347499992698431
1772541039809666600,6.92666650390625,-0.006737499963492155,0.04743750020861626,-0.00494999997317791
1772541039819576300,6.936576416015625,-0.004674999974668026,0.04633750021457672,0.002474999986588955
1772541039829486600,6.946486572265625,0.0006874999962747097,0.045375000685453415,0.0056374999694526196
1772541039839396600,6.956396728515625,0.006049999967217445,0.045375000685453415,0.0013749999925494194
1772541039849306600,6.966306640625,0.011274999938905239,0.04743750020861626,-0.0006874999962747097
1772541039859216600,6.976216552734375,0.014437500387430191,0.05486249923706055,-0.00494999997317791
1772541039869126700,6.986126708984375,0.014437500387430191,0.060224998742341995,-0.01251249946653843
1772541039879036700,6.99603662109375,0.014437500387430191,0.05912499874830246,-0.01677500084042549
1772541039888946400,7.005946533203125,0.011274999938905239,0.05169999971985817,-0.01347499992698431
1772541039898856400,7.0158564453125,0.008112499490380287,0.04427500069141388,-0.007149999961256981
1772541039908766500,7.025766357421875,0.002749999985098839,0.03148749843239784,-0.0017874999903142452
1772541039918676500,7.035676513671875,-0.004674999974668026,0.022962499409914017,-0.0017874999903142452
1772541039928586500,7.04558642578125,-0.01209999993443489,0.016637500375509262,-0.003987499978393316
1772541039938496500,7.05549658203125,-0.016362499445676804,0.0006874999962747097,-0.003987499978393316
1772541039948406500,7.065406494140625,-0.01952499896287918,-0.01952499896287918,-0.0006874999962747097
1772541039958316500,7.075316650390625,-0.020624998956918716,-0.043037500232458115,0.002474999986588955
1772541039968226600,7.0852265625,-0.021724998950958252,-0.06324999779462814,0.0034374999813735485
1772541039978136600,7.095136474609375,-0.020624998956918716,-0.07699999958276749,0.0056374999694526196
1772541039988046600,7.105046630859375,-0.018424998968839645,-0.0845625028014183,0.0056374999694526196
1772541039997956600,7.11495654296875,-0.010999999940395355,-0.08772499859333038,0.004537499975413084
1772541040007866600,7.12486669921875,-0.002474999986588955,-0.0812624990940094,0.0056374999694526196
1772541040017776600,7.134776611328125,0.007012499962002039,-0.06435000151395798,0.007699999958276749
1772541040027686700,7.144686767578125,0.011274999938905239,-0.04193750023841858,0.00989999994635582
1772541040037596700,7.1545966796875,0.011274999938905239,-0.02708750031888485,0.007699999958276749
1772541040047506700,7.164506591796875,0.008112499490380287,-0.015262499451637268,0.002474999986588955
1772541040057416700,7.174416748046875,0.00494999997317791,-0.006874999962747097,-0.0017874999903142452
1772541040067326500,7.184326416015625,0.0006874999962747097,-0.0015124999918043613,-0.0028874999843537807
1772541040077236500,7.194236572265625,-0.002474999986588955,-0.0004124999977648258,-0.0028874999843537807
1772541040087146500,7.204146484375,-0.002474999986588955,-0.0004124999977648258,-0.003987499978393316
1772541040097056500,7.214056396484375,-0.002474999986588955,-0.004674999974668026,-0.0006874999962747097
1772541040106966500,7.223966552734375,-0.0015124999918043613,-0.004674999974668026,0.002474999986588955
1772541040116876500,7.23387646484375,0.0038499999791383743,0.005912499967962503,0.004537499975413084
1772541040126786600,7.24378662109375,0.007012499962002039,0.015537500381469727,0.0056374999694526196
1772541040136696600,7.253696533203125,0.011274999938905239,0.01979999989271164,0.004537499975413084
1772541040146606600,7.263606689453125,0.01347499992698431,0.025162499397993088,0.0013749999925494194
1772541040156516600,7.2735166015625,0.01347499992698431,0.028324998915195465,-0.0028874999843537807
1772541040166426600,7.283426513671875,0.009212499484419823,0.028324998915195465,-0.008249999955296516
1772541040176336600,7.293336669921875,0.00494999997317791,0.02186249941587448,-0.011412499472498894
1772541040186246700,7.30324658203125,-0.002474999986588955,0.016637500375509262,-0.01251249946653843
1772541040196156700,7.31315673828125,-0.008937500417232513,0.011274999938905239,-0.01347499992698431
1772541040206066700,7.323066650390625,-0.013199999928474426,0.0016499999910593033,-0.010312499478459358
1772541040215976700,7.332976806640625,-0.014162499457597733,-0.015262499451637268,-0.008249999955296516
1772541040225886700,7.34288671875,-0.01209999993443489,-0.03231250122189522,-0.0028874999843537807
1772541040235796700,7.352796630859375,-0.007837500423192978,-0.04193750023841858,-0.0017874999903142452
1772541040245706800,7.362706787109375,-0.002474999986588955,-0.04399999976158142,0.002474999986588955
1772541040255616800,7.37261669921875,0.002749999985098839,-0.030249999836087227,0.002474999986588955
1772541040265526800,7.38252685546875,0.009212499484419823,-0.008937500417232513,0.002474999986588955
1772541040275436800,7.392436767578125,0.01347499992698431,0.010174999944865704,0.0002749999985098839
1772541040285346800,7.402346923828125,0.015537500381469727,0.024062499403953552,0.002474999986588955
1772541040295256800,7.4122568359375,0.01347499992698431,0.03684999793767929,0.0034374999813735485
1772541040305166800,7.422166748046875,0.010312499478459358,0.04963750019669533,0.004537499975413084
1772541040315076900,7.432076904296875,0.00494999997317791,0.05486249923706055,0.0013749999925494194
1772541040324987000,7.44198681640625,-0.0004124999977648258,0.05389999970793724,-0.0017874999903142452
1772541040334896600,7.451896728515625,-0.004674999974668026,0.052799999713897705,-0.0017874999903142452
1772541040344806700,7.461806640625,-0.004674999974668026,0.05169999971985817,-0.0017874999903142452
1772541040354716700,7.471716552734375,-0.004674999974668026,0.04743750020861626,-0.0017874999903142452
1772541040364626700,7.481626708984375,0.0006874999962747097,0.04427500069141388,-0.0006874999962747097
1772541040374537000,7.491536865234375,0.006049999967217445,0.043175000697374344,0.0013749999925494194
1772541040384446700,7.50144677734375,0.010312499478459358,0.03891250118613243,0.002474999986588955
1772541040394356700,7.511356689453125,0.015537500381469727,0.03684999793767929,0.002474999986588955
1772541040404266800,7.521266845703125,0.015537500381469727,0.035750001668930054,0.0013749999925494194
1772541040414177000,7.531177001953125,0.015537500381469727,0.03258749842643738,-0.0017874999903142452
1772541040424086800,7.541086669921875,0.009212499484419823,0.026124998927116394,-0.0028874999843537807
1772541040433996800,7.550996826171875,0.0006874999962747097,0.01979999989271164,-0.0028874999843537807
1772541040443906800,7.56090673828125,-0.008937500417232513,0.016637500375509262,-0.003987499978393316
1772541040453816800,7.57081689453125,-0.015262499451637268,0.012374999932944775,-0.008249999955296516
1772541040463726800,7.580726806640625,-0.020624998956918716,0.007012499962002039,-0.009212499484419823
1772541040473636900,7.590636962890625,-0.021724998950958252,0.008112499490380287,-0.006049999967217445
1772541040483547000,7.600546875,-0.015262499451637268,0.010174999944865704,-0.0006874999962747097
1772541040493457000,7.610456787109375,-0.006737499963492155,0.012374999932944775,0.007699999958276749
1772541040503367000,7.620366943359375,0.00494999997317791,0.018699999898672104,0.014162499457597733
1772541040513277000,7.63027685546875,0.014437500387430191,0.022962499409914017,0.01732499897480011
1772541040523187000,7.64018701171875,0.022962499409914017,0.022962499409914017,0.01732499897480011
1772541040533097000,7.650096923828125,0.026262499392032623,0.01979999989271164,0.014162499457597733
1772541040543007000,7.660007080078125,0.025162499397993088,0.014437500387430191,0.010999999940395355
1772541040552917000,7.6699169921875,0.017737500369548798,0.011274999938905239,0.007699999958276749
1772541040562827000,7.679826904296875,0.009212499484419823,0.013337500393390656,0.004537499975413084
1772541040572737000,7.689737060546875,-0.0015124999918043613,0.01979999989271164,0.0002749999985098839
1772541040582647000,7.69964697265625,-0.01209999993443489,0.025162499397993088,-0.0028874999843537807
1772541040592557000,7.70955712890625,-0.01952499896287918,0.03148749843239784,-0.00494999997317791
1772541040602467000,7.719467041015625,-0.023787500336766243,0.03258749842643738,-0.00494999997317791
1772541040612377000,7.729377197265625,-0.022687500342726707,0.02722499892115593,-0.0028874999843537807
1772541040622287000,7.739287109375,-0.015262499451637268,0.018699999898672104,0.0002749999985098839
1772541040632197000,7.749197021484375,-0.0057749999687075615,0.012374999932944775,0.006737499963492155
1772541040642107100,7.759107177734375,0.007012499962002039,0.007012499962002039,0.00989999994635582
1772541040652017200,7.76901708984375,0.018699999898672104,0.008112499490380287,0.00989999994635582
1772541040661927200,7.77892724609375,0.024062499403953552,0.007012499962002039,0.0034374999813735485
1772541040671837200,7.788837158203125,0.026262499392032623,0.00494999997317791,-0.003987499978393316
1772541040681747200,7.798747314453125,0.022962499409914017,0.0006874999962747097,-0.007149999961256981
1772541040691657200,7.8086572265625,0.014437500387430191,0.0006874999962747097,-0.007149999961256981
1772541040701567200,7.818567138671875,0.002749999985098839,0.002749999985098839,-0.008249999955296516
1772541040711477200,7.828477294921875,-0.008937500417232513,0.005912499967962503,-0.010312499478459358
1772541040721387300,7.83838720703125,-0.018424998968839645,0.008112499490380287,-0.009212499484419823
1772541040731297300,7.84829736328125,-0.02488750033080578,0.009212499484419823,-0.006049999967217445
1772541040741207300,7.858207275390625,-0.025987500324845314,0.0038499999791383743,0.0013749999925494194
1772541040751117300,7.868117431640625,-0.020624998956918716,-0.0057749999687075615,0.006737499963492155
1772541040761027300,7.87802734375,-0.010999999940395355,-0.015262499451637268,0.008799999952316284
1772541040770937000,7.88793701171875,-0.0004124999977648258,-0.01952499896287918,0.010999999940395355
1772541040780847400,7.897847412109375,0.009212499484419823,-0.018562499433755875,0.00989999994635582
1772541040790757400,7.90775732421875,0.017737500369548798,-0.010037500411272049,0.0056374999694526196
1772541040800667100,7.917667236328125,0.02199999988079071,0.0016499999910593033,-0.0006874999962747097
1772541040810577200,7.9275771484375,0.024062499403953552,0.011274999938905239,-0.007149999961256981
1772541040820487200,7.937487060546875,0.018699999898672104,0.015537500381469727,-0.010312499478459358
1772541040830397200,7.947397216796875,0.011274999938905239,0.015537500381469727,-0.01347499992698431
1772541040840307500,7.957307373046875,0.0006874999962747097,0.013337500393390656,-0.011412499472498894
1772541040850217200,7.96721728515625,-0.006737499963492155,0.010174999944865704,-0.003987499978393316
1772541040860127200,7.977127197265625,-0.01209999993443489,0.0016499999910593033,0.0002749999985098839
1772541040870037200,7.987037353515625,-0.016362499445676804,-0.0057749999687075615,0.002474999986588955
1772541040879947300,7.996947265625,-0.016362499445676804,-0.011137500405311584,0.002474999986588955
1772541040889857500,8.006857421875,-0.013199999928474426,-0.016362499445676804,0.0013749999925494194
1772541040899767600,8.016767578125,-0.008937500417232513,-0.021724998950958252,0.002474999986588955
1772541040909677300,8.02667724609375,-0.0015124999918043613,-0.025987500324845314,0.004537499975413084
1772541040919587300,8.03658740234375,0.00494999997317791,-0.02488750033080578,0.002474999986588955
1772541040929497300,8.046497314453125,0.010312499478459358,-0.023787500336766243,-0.0006874999962747097
1772541040939407400,8.056407470703125,0.012374999932944775,-0.02708750031888485,-0.003987499978393316
1772541040949317600,8.066317626953126,0.01347499992698431,-0.02708750031888485,-0.006049999967217445
1772541040959227600,8.0762275390625,0.012374999932944775,-0.020624998956918716,-0.008249999955296516
1772541040969137700,8.0861376953125,0.007012499962002039,-0.011137500405311584,-0.006049999967217445
1772541040979047700,8.096047607421875,-0.0004124999977648258,-0.0035749999806284904,-0.003987499978393316
1772541040988957700,8.105957763671874,-0.008937500417232513,-0.002612499985843897,-0.0006874999962747097
1772541040998867500,8.115867431640625,-0.016362499445676804,-0.0015124999918043613,0.002474999986588955
1772541041008777500,8.125777587890624,-0.01952499896287918,-0.002612499985843897,0.002474999986588955
1772541041018687500,8.1356875,-0.01746249943971634,-0.007837500423192978,0.0034374999813735485
1772541041028597500,8.145597412109375,-0.010999999940395355,-0.013199999928474426,0.0034374999813735485
1772541041038507500,8.155507568359376,-0.0015124999918043613,-0.015262499451637268,0.0013749999925494194
1772541041048417500,8.16541748046875,0.006049999967217445,-0.01209999993443489,-0.0006874999962747097
1772541041058327600,8.17532763671875,0.011274999938905239,-0.0035749999806284904,-0.0017874999903142452
1772541041068237600,8.185237548828125,0.014437500387430191,-0.0004124999977648258,-0.0028874999843537807
1772541041078147600,8.195147705078124,0.015537500381469727,0.002749999985098839,-0.003987499978393316
1772541041088057600,8.2050576171875,0.01347499992698431,0.005912499967962503,-0.00494999997317791
1772541041097967600,8.214967529296874,0.010312499478459358,0.011274999938905239,-0.00494999997317791
1772541041107877600,8.224877685546875,0.002749999985098839,0.010174999944865704,-0.003987499978393316
1772541041117787600,8.23478759765625,-0.004674999974668026,0.0006874999962747097,-0.003987499978393316
1772541041127697700,8.24469775390625,-0.010037500411272049,-0.004674999974668026,-0.0028874999843537807
1772541041137607700,8.254607666015625,-0.014162499457597733,-0.010037500411272049,-0.0017874999903142452
1772541041147517700,8.264517578125,-0.016362499445676804,-0.015262499451637268,-0.0006874999962747097
1772541041157427700,8.274427734375,-0.014162499457597733,-0.01952499896287918,0.0034374999813735485
1772541041167337500,8.28433740234375,-0.010999999940395355,-0.02488750033080578,0.00989999994635582
1772541041177247500,8.29424755859375,-0.004674999974668026,-0.028049999848008156,0.007699999958276749
1772541041187157500,8.304157470703124,0.0006874999962747097,-0.02708750031888485,0.0013749999925494194
1772541041197067500,8.314067626953126,0.0038499999791383743,-0.020624998956918716,-0.0028874999843537807
1772541041206977500,8.3239775390625,0.006049999967217445,-0.013199999928474426,-0.008249999955296516
1772541041216887600,8.333887451171876,0.008112499490380287,-0.0035749999806284904,-0.011412499472498894
1772541041226797800,8.3437978515625,0.006049999967217445,0.007012499962002039,-0.011412499472498894
1772541041236707600,8.35370751953125,0.007012499962002039,0.014437500387430191,-0.008249999955296516
1772541041246617600,8.36361767578125,0.00494999997317791,0.018699999898672104,-0.003987499978393316
1772541041256527600,8.373527587890624,0.0038499999791383743,0.01979999989271164,0.0002749999985098839
1772541041266437600,8.383437744140625,0.0017874999903142452,0.020899999886751175,0.006737499963492155
1772541041276347600,8.39334765625,0.002749999985098839,0.014437500387430191,0.008799999952316284
1772541041286257700,8.403257568359376,0.0017874999903142452,0.010174999944865704,0.008799999952316284
1772541041296167700,8.413167724609375,0.0017874999903142452,0.005912499967962503,0.008799999952316284
1772541041306077700,8.42307763671875,0.002749999985098839,0.0006874999962747097,0.0034374999813735485
1772541041315987700,8.43298779296875,0.0038499999791383743,-0.0035749999806284904,-0.0006874999962747097
1772541041325897700,8.442897705078124,0.0038499999791383743,-0.004674999974668026,-0.0006874999962747097
1772541041335807700,8.452807861328125,0.00494999997317791,-0.006874999962747097,-0.0017874999903142452
1772541041345717800,8.4627177734375,0.006049999967217445,-0.008937500417232513,-0.0028874999843537807
1772541041355627800,8.472627685546875,0.006049999967217445,-0.006874999962747097,-0.0028874999843537807
1772541041365537800,8.482537841796875,0.006049999967217445,-0.0015124999918043613,0.0002749999985098839
1772541041375447800,8.49244775390625,0.0038499999791383743,-0.0035749999806284904,0.0013749999925494194
1772541041395267800,8.512267822265626,0.0038499999791383743,-0.007837500423192978,0.0034374999813735485
1772541041405177900,8.522177734375,0.00494999997317791,-0.0057749999687075615,0.002474999986588955
1772541041415087600,8.532087646484374,0.00494999997317791,-0.008937500417232513,0.0013749999925494194
1772541041424998000,8.541997802734375,0.00494999997317791,-0.01209999993443489,0.0002749999985098839
1772541041434908000,8.551907958984375,0.00494999997317791,-0.013199999928474426,0.0034374999813735485
1772541041444818000,8.56181787109375,0.006049999967217445,-0.011137500405311584,0.0034374999813735485
1772541041454727700,8.571727783203125,0.008112499490380287,-0.0057749999687075615,0.0034374999813735485
1772541041464637700,8.5816376953125,0.010312499478459358,0.0006874999962747097,0.0034374999813735485
1772541041474547700,8.591547607421875,0.011274999938905239,0.007012499962002039,0.004537499975413084
1772541041484457700,8.601457763671876,0.011274999938905239,0.011274999938905239,0.0056374999694526196
1772541041494368000,8.611367919921875,0.010312499478459358,0.014437500387430191,0.004537499975413084
1772541041504278000,8.621278076171874,0.009212499484419823,0.016637500375509262,0.004537499975413084
1772541041514188000,8.63118798828125,0.007012499962002039,0.01759999990463257,0.006737499963492155
1772541041524097800,8.641097900390625,0.00494999997317791,0.018699999898672104,0.007699999958276749
1772541041534008000,8.651008056640626,0.002749999985098839,0.015537500381469727,0.007699999958276749
1772541041543917800,8.660917724609375,0.0017874999903142452,0.013337500393390656,0.0056374999694526196
1772541041553827800,8.670827880859376,0.0017874999903142452,0.013337500393390656,0.002474999986588955
1772541041563737900,8.68073779296875,0.002749999985098839,0.012374999932944775,0.004537499975413084
1772541041573648000,8.69064794921875,0.00494999997317791,0.010174999944865704,0.006737499963492155
1772541041583558000,8.700557861328125,0.00494999997317791,0.010174999944865704,0.004537499975413084
1772541041593468000,8.710468017578124,0.006049999967217445,0.010174999944865704,0.0013749999925494194
1772541041603378000,8.7203779296875,0.006049999967217445,0.009212499484419823,-0.0006874999962747097
1772541041613288000,8.730287841796875,0.00494999997317791,0.0038499999791383743,-0.0017874999903142452
1772541041623198000,8.740197998046876,0.0038499999791383743,0.00494999997317791,-0.0028874999843537807
1772541041633108000,8.75010791015625,0.0038499999791383743,0.015537500381469727,-0.006049999967217445
1772541041643018000,8.76001806640625,0.0038499999791383743,0.024062499403953552,-0.00494999997317791
1772541041652928000,8.769927978515625,0.00494999997317791,0.028324998915195465,-0.003987499978393316
1772541041662837800,8.779837646484374,0.00494999997317791,0.03258749842643738,-0.003987499978393316
1772541041672747800,8.789747802734375,0.00494999997317791,0.03464999794960022,-0.0028874999843537807
1772541041682657800,8.79965771484375,0.007012499962002039,0.030387500301003456,0.0002749999985098839
1772541041692567800,8.80956787109375,0.006049999967217445,0.015537500381469727,0.0034374999813735485
1772541041702477800,8.819477783203125,0.007012499962002039,-0.0004124999977648258,0.0056374999694526196
1772541041712387800,8.829387939453126,0.008112499490380287,-0.008937500417232513,0.004537499975413084
1772541041722297900,8.8392978515625,0.008112499490380287,-0.007837500423192978,0.002474999986588955
1772541041732207900,8.849207763671876,0.006049999967217445,-0.011137500405311584,-0.0017874999903142452
1772541041742118000,8.859117919921875,0.00494999997317791,-0.014299999922513962,-0.0017874999903142452
1772541041752028000,8.86902783203125,0.0038499999791383743,-0.010037500411272049,-0.0028874999843537807
1772541041761938000,8.87893798828125,0.0038499999791383743,-0.002612499985843897,-0.0017874999903142452
1772541041771848000,8.888847900390624,0.0017874999903142452,0.0006874999962747097,-0.0028874999843537807
1772541041781758000,8.898758056640625,0.002749999985098839,-0.0004124999977648258,-0.0006874999962747097
1772541041791668000,8.90866796875,0.0017874999903142452,-0.002612499985843897,0.0002749999985098839
1772541041801578000,8.918577880859376,0.002749999985098839,-0.006874999962747097,0.002474999986588955
1772541041811488000,8.928488037109375,0.0038499999791383743,-0.013199999928474426,0.0034374999813735485
1772541041821397800,8.938397705078126,0.0038499999791383743,-0.020624998956918716,0.0013749999925494194
1772541041831308000,8.94830810546875,0.002749999985098839,-0.025987500324845314,0.0002749999985098839
1772541041841218000,8.958218017578124,0.0006874999962747097,-0.02914999984204769,-0.0017874999903142452
1772541041851128000,8.968128173828125,-0.0004124999977648258,-0.03231250122189522,-0.0028874999843537807
1772541041861037800,8.978037841796874,0.0006874999962747097,-0.03135000169277191,-0.0028874999843537807
1772541041870947800,8.98794775390625,0.0006874999962747097,-0.025987500324845314,-0.003987499978393316
1772541041880857900,8.99785791015625,0.0006874999962747097,-0.01209999993443489,-0.003987499978393316
1772541041890768000,9.007767822265626,-0.002474999986588955,-0.002612499985843897,-0.0028874999843537807
1772541041900678000,9.017677978515625,-0.0035749999806284904,-0.0015124999918043613,-0.0017874999903142452
1772541041910588000,9.027587890625,-0.0057749999687075615,-0.0057749999687075615,-0.0006874999962747097
1772541041920498000,9.037497802734375,-0.004674999974668026,-0.006874999962747097,0.0002749999985098839
1772541041930408000,9.047407958984374,-0.0035749999806284904,-0.006874999962747097,-0.0006874999962747097
1772541041940318000,9.05731787109375,-0.0015124999918043613,-0.0057749999687075615,-0.0006874999962747097
1772541041950228000,9.06722802734375,0.0006874999962747097,-0.007837500423192978,-0.0017874999903142452
1772541041960138000,9.077137939453126,0.0006874999962747097,-0.0035749999806284904,-0.0028874999843537807
1772541041970048000,9.087048095703125,0.0006874999962747097,0.00494999997317791,-0.003987499978393316
1772541041979957800,9.096957763671876,-0.0004124999977648258,0.009212499484419823,-0.003987499978393316
1772541041989868000,9.106867919921875,-0.0015124999918043613,0.008112499490380287,-0.00494999997317791
1772541041999778000,9.116778076171874,-0.002474999986588955,0.0016499999910593033,-0.003987499978393316
1772541042009687800,9.126687744140625,-0.004674999974668026,-0.0004124999977648258,-0.0017874999903142452
1772541042019597800,9.136597900390624,-0.0057749999687075615,-0.0004124999977648258,-0.0017874999903142452
1772541042029507800,9.1465078125,-0.006737499963492155,-0.0015124999918043613,-0.0028874999843537807
1772541042039417900,9.15641796875,-0.008937500417232513,-0.0015124999918043613,-0.0028874999843537807
1772541042049327900,9.166327880859376,-0.010999999940395355,-0.0015124999918043613,-0.0017874999903142452
1772541042059238000,9.17623779296875,-0.010037500411272049,-0.0057749999687075615,-0.0006874999962747097
1772541042069147600,9.186147705078126,-0.010037500411272049,-0.010037500411272049,-0.0006874999962747097
1772541042079057700,9.1960576171875,-0.006737499963492155,-0.010037500411272049,0.0002749999985098839
1772541042088967700,9.2059677734375,-0.004674999974668026,-0.007837500423192978,0.0002749999985098839
1772541042098877700,9.215877685546875,-0.002474999986588955,-0.007837500423192978,0.0002749999985098839
1772541042108787700,9.22578759765625,0.0017874999903142452,-0.007837500423192978,0.002474999986588955
1772541042118697700,9.23569775390625,0.0038499999791383743,-0.006874999962747097,0.002474999986588955
1772541042128607700,9.245607666015625,0.006049999967217445,-0.0035749999806284904,0.0034374999813735485
1772541042138517800,9.255517822265626,0.00494999997317791,-0.0057749999687075615,0.0034374999813735485
1772541042148427800,9.265427734375,0.00494999997317791,-0.007837500423192978,0.002474999986588955
1772541042158337800,9.275337890625,0.0017874999903142452,-0.010037500411272049,0.0013749999925494194
1772541042168247800,9.285247802734375,-0.0004124999977648258,-0.013199999928474426,0.0013749999925494194
1772541042178157600,9.295157470703124,-0.0035749999806284904,-0.014299999922513962,-0.0006874999962747097
1772541042188067600,9.305067626953125,-0.0035749999806284904,-0.007837500423192978,-0.0017874999903142452
1772541042197977900,9.314977783203124,-0.0035749999806284904,-0.002612499985843897,-0.0006874999962747097
1772541042207888000,9.324887939453125,-0.0057749999687075615,-0.0004124999977648258,-0.0017874999903142452
1772541042217797600,9.334797607421875,-0.006737499963492155,0.0016499999910593033,-0.0017874999903142452
1772541042227707600,9.344707763671876,-0.006737499963492155,0.002749999985098839,-0.0006874999962747097
1772541042237617700,9.35461767578125,-0.004674999974668026,0.0016499999910593033,0.0013749999925494194
1772541042247527700,9.364527587890626,-0.0004124999977648258,-0.0057749999687075615,0.002474999986588955
1772541042257437700,9.374437744140625,0.0038499999791383743,-0.01209999993443489,0.002474999986588955
1772541042267347700,9.38434765625,0.008112499490380287,-0.015262499451637268,0.002474999986588955
1772541042277257700,9.3942578125,0.009212499484419823,-0.021724998950958252,0.002474999986588955
1772541042287167700,9.404167724609374,0.008112499490380287,-0.025987500324845314,0.0013749999925494194
1772541042297077800,9.414077880859375,0.006049999967217445,-0.023787500336766243,0.0013749999925494194
1772541042306987800,9.42398779296875,0.002749999985098839,-0.021724998950958252,0.0013749999925494194
1772541042316897800,9.433897705078126,-0.002474999986588955,-0.020624998956918716,0.0002749999985098839
1772541042326807600,9.4438076171875,-0.006737499963492155,-0.018562499433755875,0.0002749999985098839
1772541042336717600,9.453717529296876,-0.008937500417232513,-0.014299999922513962,0.0013749999925494194
1772541042346627600,9.463627685546875,-0.008937500417232513,-0.014299999922513962,0.0013749999925494194
1772541042356537600,9.47353759765625,-0.008937500417232513,-0.014299999922513962,0.002474999986588955
1772541042366447600,9.483447509765625,-0.0057749999687075615,-0.010037500411272049,0.0013749999925494194
1772541042376357600,9.493357666015624,-0.0035749999806284904,-0.014299999922513962,0.0002749999985098839
1772541042386267400,9.503267333984375,0.0017874999903142452,-0.018562499433755875,-0.0006874999962747097
1772541042396177400,9.513177490234375,0.006049999967217445,-0.015262499451637268,0.0002749999985098839
1772541042406087400,9.52308740234375,0.009212499484419823,-0.011137500405311584,0.0002749999985098839
1772541042415997400,9.53299755859375,0.010312499478459358,-0.007837500423192978,-0.0017874999903142452
1772541042425907500,9.542907470703126,0.010312499478459358,-0.0015124999918043613,-0.003987499978393316
1772541042435817500,9.5528173828125,0.009212499484419823,0.010174999944865704,-0.003987499978393316
1772541042445727500,9.5627275390625,0.00494999997317791,0.020899999886751175,-0.00494999997317791
1772541042455637500,9.572637451171875,0.0017874999903142452,0.02722499892115593,-0.003987499978393316
1772541042465547300,9.58254736328125,-0.0035749999806284904,0.03258749842643738,-0.0028874999843537807
1772541042475457500,9.59245751953125,-0.006737499963492155,0.03258749842643738,-0.0017874999903142452
1772541042485367300,9.6023671875,-0.007837500423192978,0.026124998927116394,0.0013749999925494194
1772541042495277300,9.61227734375,-0.007837500423192978,0.013337500393390656,0.0034374999813735485
1772541042505187300,9.622187255859375,-0.004674999974668026,0.002749999985098839,0.004537499975413084
1772541042515097300,9.632097412109376,0.0006874999962747097,-0.002612499985843897,0.004537499975413084
1772541042525007400,9.64200732421875,0.006049999967217445,0.0006874999962747097,0.0034374999813735485
1772541042534917400,9.65191748046875,0.010312499478459358,0.005912499967962503,0.0013749999925494194
1772541042544827400,9.661827392578125,0.012374999932944775,0.012374999932944775,-0.0006874999962747097
1772541042554737400,9.6717373046875,0.011274999938905239,0.018699999898672104,-0.0028874999843537807
1772541042564647200,9.681647216796875,0.010312499478459358,0.024062499403953552,-0.0017874999903142452
1772541042574557200,9.69155712890625,0.008112499490380287,0.028324998915195465,-0.0017874999903142452
1772541042584467200,9.70146728515625,0.00494999997317791,0.03355000168085098,-0.0017874999903142452
1772541042594377200,9.711377197265625,0.0016499999910593033,0.03464999794960022,-0.0006874999962747097
1772541042604287200,9.721287353515624,0.0006874999962747097,0.030387500301003456,-0.0006874999962747097
1772541042614197200,9.731197265625,-0.002474999986588955,0.022962499409914017,-0.0017874999903142452
1772541042624107300,9.741107177734374,-0.002474999986588955,0.015537500381469727,-0.0017874999903142452
1772541042634017300,9.751017333984375,-0.0015124999918043613,0.008112499490380287,0.0002749999985098839
1772541042643927300,9.76092724609375,0.002749999985098839,-0.0004124999977648258,0.004537499975413084
1772541042653837300,9.77083740234375,0.007012499962002039,-0.002612499985843897,0.006737499963492155
1772541042663747000,9.7807470703125,0.010174999944865704,-0.004674999974668026,0.007837500423192978
1772541042673657000,9.790656982421876,0.012374999932944775,-0.0037124999798834324,0.0056374999694526196
1772541042683567000,9.800567138671875,0.012374999932944775,-0.006874999962747097,0.0035749999806284904
1772541042693477000,9.81047705078125,0.009212499484419823,-0.007837500423192978,0.0002749999985098839
1772541042703387100,9.82038720703125,0.0038499999791383743,-0.0015124999918043613,-0.0017874999903142452
1772541042713297000,9.830296875,-0.0035749999806284904,0.0038499999791383743,-0.0017874999903142452
1772541042723207000,9.84020703125,-0.010037500411272049,0.004812499973922968,-0.00494999997317791
1772541042733117000,9.850116943359374,-0.014299999922513962,0.002749999985098839,-0.00494999997317791
1772541042743027000,9.86002685546875,-0.014299999922513962,0.0005499999970197678,-0.0006874999962747097
1772541042752937000,9.86993701171875,-0.008937500417232513,-0.002612499985843897,0.0035749999806284904
1772541042762847000,9.879846923828126,-0.002474999986588955,-0.002612499985843897,0.004537499975413084
1772541042772757000,9.889757080078125,0.00494999997317791,-0.004674999974668026,0.006737499963492155
1772541042782667000,9.8996669921875,0.012374999932944775,-0.004674999974668026,0.007837500423192978
1772541042792577000,9.909576904296875,0.016637500375509262,-0.0015124999918043613,0.006737499963492155
1772541042802486800,9.91948681640625,0.018699999898672104,0.005912499967962503,0.002474999986588955
1772541042812396800,9.929396728515625,0.014437500387430191,0.012374999932944775,-0.0006874999962747097
1772541042822306800,9.939306884765625,0.010174999944865704,0.015537500381469727,-0.003987499978393316
1772541042832216800,9.949216796875,0.0016499999910593033,0.018699999898672104,-0.006049999967217445
1772541042842126800,9.959126953125,-0.004674999974668026,0.02502499893307686,-0.007149999961256981
1772541042852036600,9.96903662109375,-0.010037500411272049,0.02722499892115593,-0.008112499490380287
1772541042861947000,9.97894677734375,-0.013199999928474426,0.022962499409914017,-0.00494999997317791
1772541042871856600,9.988856689453126,-0.015262499451637268,0.01979999989271164,-0.0028874999843537807
1772541042881766700,9.9987666015625,-0.015262499451637268,0.013337500393390656,-0.0006874999962747097
1772541042891676700,10.0086767578125,-0.010037500411272049,0.004812499973922968,0.004537499975413084
1772541042901586700,10.018586669921875,-0.0004124999977648258,-0.006874999962747097,0.007837500423192978
1772541042911496700,10.02849658203125,0.008112499490380287,-0.015399999916553497,0.007837500423192978
1772541042921406500,10.038406494140625,0.014437500387430191,-0.018562499433755875,0.004537499975413084
1772541042931316500,10.04831640625,0.017737500369548798,-0.01966249942779541,0.002474999986588955
1772541042941226500,10.0582265625,0.018699999898672104,-0.020624998956918716,0.0002749999985098839
1772541042951136500,10.068136474609375,0.016637500375509262,-0.01966249942779541,-0.0017874999903142452
1772541042961046500,10.078046630859374,0.012374999932944775,-0.008937500417232513,-0.00494999997317791
1772541042970956300,10.087956298828125,0.00494999997317791,0.004812499973922968,-0.006049999967217445
1772541042980866600,10.097866455078124,-0.002474999986588955,0.014437500387430191,-0.006049999967217445
1772541042990776300,10.1077763671875,-0.010999999940395355,0.01759999990463257,-0.003987499978393316
1772541043000686300,10.117686279296874,-0.013199999928474426,0.01979999989271164,-0.0006874999962747097
1772541043010596400,10.127596435546875,-0.01209999993443489,0.020762499421834946,0.0035749999806284904
1772541043020506400,10.13750634765625,-0.007837500423192978,0.018699999898672104,0.007837500423192978
1772541043030416400,10.14741650390625,-0.0004124999977648258,0.020762499421834946,0.007837500423192978
1772541043040326100,10.157326171875,0.007012499962002039,0.022962499409914017,0.006737499963492155
1772541043050236200,10.167236083984376,0.012374999932944775,0.02928750030696392,0.004537499975413084
1772541043060146200,10.177146240234375,0.014437500387430191,0.03464999794960022,0.0002749999985098839
1772541043070056200,10.18705615234375,0.012374999932944775,0.03355000168085098,-0.0028874999843537807
1772541043079966200,10.19696630859375,0.008112499490380287,0.028324998915195465,-0.003987499978393316
1772541043089876200,10.206876220703125,-0.0004124999977648258,0.020899999886751175,-0.007149999961256981
1772541043099786200,10.2167861328125,-0.007837500423192978,0.008112499490380287,-0.006049999967217445
1772541043109696000,10.226696044921875,-0.013199999928474426,-0.0035749999806284904,-0.003987499978393316
1772541043119606000,10.23660595703125,-0.015262499451637268,-0.018562499433755875,-0.0006874999962747097
1772541043129516000,10.24651611328125,-0.013199999928474426,-0.03341250121593475,0.002474999986588955
1772541043139426000,10.256426025390626,-0.010037500411272049,-0.02708750031888485,0.0056374999694526196
1772541043149336000,10.266336181640625,-0.004674999974668026,-0.0057749999687075615,0.00989999994635582
1772541043159246000,10.27624609375,-0.004674999974668026,0.010174999944865704,0.007699999958276749
1772541043169156000,10.286156005859375,-0.006737499963492155,0.015537500381469727,0.0013749999925494194
1772541043179065900,10.29606591796875,-0.007837500423192978,0.009212499484419823,-0.0028874999843537807
1772541043188975900,10.305975830078125,-0.004674999974668026,-0.007837500423192978,-0.0006874999962747097
1772541043198886000,10.315885986328125,-0.0004124999977648258,-0.022824998944997787,0.0013749999925494194
1772541043208796000,10.3257958984375,0.007012499962002039,-0.02708750031888485,0.004537499975413084
1772541043218706000,10.335705810546875,0.014437500387430191,-0.01952499896287918,0.0056374999694526196
1772541043228615700,10.34561572265625,0.017737500369548798,0.00494999997317791,0.004537499975413084
1772541043238525700,10.355525634765625,0.015537500381469727,0.03368749842047691,0.002474999986588955
1772541043248435700,10.365435791015624,0.010312499478459358,0.050599999725818634,0.002474999986588955
1772541043258345700,10.375345703125,0.0017874999903142452,0.05706249922513962,0.0013749999925494194
1772541043268255700,10.385255859375,-0.008937500417232513,0.04633750021457672,0.0002749999985098839
1772541043278165800,10.395165771484375,-0.01952499896287918,0.025162499397993088,-0.003987499978393316
1772541043288075500,10.405075439453125,-0.025987500324845314,0.005912499967962503,-0.009212499484419823
1772541043297985500,10.414985595703126,-0.025987500324845314,-0.006874999962747097,-0.011412499472498894
1772541043307895600,10.4248955078125,-0.018424998968839645,-0.014299999922513962,-0.011412499472498894
1772541043317805600,10.4348056640625,-0.008937500417232513,-0.020624998956918716,-0.006049999967217445
1772541043327715600,10.444715576171875,0.0017874999903142452,-0.02488750033080578,0.0002749999985098839
1772541043337625300,10.454625244140624,0.008112499490380287,-0.028049999848008156,0.006737499963492155
1772541043347535400,10.464535400390625,0.012374999932944775,-0.030249999836087227,0.008799999952316284
1772541043357445400,10.4744453125,0.012374999932944775,-0.030249999836087227,0.006737499963492155
1772541043367355400,10.48435546875,0.009212499484419823,-0.02708750031888485,0.0002749999985098839
1772541043377265400,10.494265380859375,0.0017874999903142452,-0.021724998950958252,-0.008249999955296516
1772541043387175200,10.504175048828126,-0.007837500423192978,-0.018562499433755875,-0.01347499992698431
1772541043397085200,10.514085205078125,-0.015262499451637268,-0.015262499451637268,-0.01677500084042549
1772541043406995200,10.5239951171875,-0.020624998956918716,-0.006874999962747097,-0.01251249946653843
1772541043416905200,10.5339052734375,-0.020624998956918716,0.0006874999962747097,-0.0006874999962747097
1772541043426815200,10.543815185546874,-0.018424998968839645,-0.0057749999687075615,0.008799999952316284
1772541043436725000,10.55372509765625,-0.013199999928474426,-0.013199999928474426,0.016224998980760574
1772541043446635000,10.563635009765624,-0.007837500423192978,-0.011137500405311584,0.01952499896287918
1772541043456545000,10.573544921875,-0.0035749999806284904,-0.011137500405311584,0.016224998980760574
1772541043466455000,10.583455078125,0.002749999985098839,-0.018562499433755875,0.006737499963492155
1772541043476365000,10.593364990234376,0.008112499490380287,-0.02488750033080578,-0.006049999967217445
1772541043486275000,10.603275146484375,0.011274999938905239,-0.018562499433755875,-0.014574999921023846
1772541043496184800,10.613184814453126,0.011274999938905239,-0.006874999962747097,-0.018837500363588333
1772541043506094800,10.6230947265625,0.009212499484419823,0.00494999997317791,-0.018837500363588333
1772541043516004900,10.6330048828125,0.002749999985098839,0.013337500393390656,-0.014574999921023846
1772541043525915000,10.642914794921875,-0.0004124999977648258,0.011274999938905239,-0.00494999997317791
1772541043535825000,10.652824951171874,-0.002474999986588955,0.002749999985098839,0.0056374999694526196
1772541043545735000,10.66273486328125,-0.004674999974668026,-0.010037500411272049,0.008799999952316284
1772541043555644700,10.672644775390625,-0.007837500423192978,-0.018562499433755875,0.007699999958276749
1772541043565554700,10.6825546875,-0.008937500417232513,-0.025987500324845314,0.0002749999985098839
1772541043575464700,10.692464599609375,-0.010999999940395355,-0.03135000169277191,-0.006049999967217445
1772541043585374700,10.702374755859376,-0.010999999940395355,-0.03231250122189522,-0.010312499478459358
1772541043595284500,10.712284423828125,-0.010037500411272049,-0.02914999984204769,-0.010312499478459358
1772541043605194500,10.722194580078124,-0.006737499963492155,-0.023787500336766243,-0.006049999967217445
1772541043615104500,10.7321044921875,-0.002474999986588955,-0.018562499433755875,-0.0006874999962747097
1772541043625014500,10.7420146484375,0.0006874999962747097,-0.014299999922513962,0.004537499975413084
1772541043634924300,10.75192431640625,0.0038499999791383743,-0.006874999962747097,0.007699999958276749
1772541043644834300,10.761834228515625,0.006049999967217445,0.00494999997317791,0.004537499975413084
1772541043654744300,10.771744384765626,0.0038499999791383743,0.01759999990463257,-0.0017874999903142452
1772541043664654300,10.781654296875,-0.0004124999977648258,0.020899999886751175,-0.00494999997317791
1772541043674564000,10.791564208984376,-0.002474999986588955,0.01979999989271164,-0.007149999961256981
1772541043684474000,10.80147412109375,-0.0057749999687075615,0.016637500375509262,-0.006049999967217445
1772541043694384000,10.811384033203124,-0.007837500423192978,0.013337500393390656,-0.007149999961256981
1772541043704294100,10.821294189453125,-0.007837500423192978,0.009212499484419823,-0.00494999997317791
1772541043714204200,10.8312041015625,-0.006737499963492155,0.007012499962002039,-0.0028874999843537807
1772541043724114200,10.8411142578125,-0.0035749999806284904,0.002749999985098839,-0.0028874999843537807
1772541043734024200,10.851024169921875,-0.0004124999977648258,0.0006874999962747097,0.0002749999985098839
1772541043743934000,10.860933837890625,0.0017874999903142452,0.0016499999910593033,0.0013749999925494194
1772541043753844000,10.870843994140625,0.0038499999791383743,0.0016499999910593033,-0.0006874999962747097
1772541043763754000,10.88075390625,0.0006874999962747097,0.0006874999962747097,-0.0028874999843537807
1772541043773664000,10.8906640625,-0.0015124999918043613,0.0016499999910593033,-0.00494999997317791
1772541043783574000,10.900573974609374,-0.007837500423192978,0.002749999985098839,-0.006049999967217445
1772541043793483800,10.91048388671875,-0.013199999928474426,0.002749999985098839,-0.007149999961256981
1772541043803393800,10.920393798828124,-0.014162499457597733,0.005912499967962503,-0.006049999967217445
1772541043813303800,10.9303037109375,-0.014162499457597733,0.007012499962002039,-0.00494999997317791
1772541043823213800,10.9402138671875,-0.01209999993443489,0.009212499484419823,-0.0028874999843537807
1772541043833123800,10.950123779296876,-0.007837500423192978,0.010174999944865704,-0.0017874999903142452
1772541043843033600,10.96003369140625,-0.002474999986588955,0.009212499484419823,-0.0017874999903142452
1772541043852943600,10.969943603515626,0.0017874999903142452,0.008112499490380287,-0.0017874999903142452
1772541043862853600,10.979853515625,0.006049999967217445,0.002749999985098839,0.0002749999985098839
1772541043872763600,10.989763671875,0.006049999967217445,-0.0035749999806284904,0.002474999986588955
1772541043882673700,10.999673583984375,0.00494999997317791,-0.01209999993443489,0.0013749999925494194
1772541043892583400,11.00958349609375,0.002749999985098839,-0.016362499445676804,-0.0006874999962747097
1772541043902493400,11.019493408203125,-0.0015124999918043613,-0.015262499451637268,-0.0028874999843537807
1772541043912403200,11.0294033203125,-0.006737499963492155,-0.016362499445676804,-0.00494999997317791
1772541043922313200,11.039313232421875,-0.010037500411272049,-0.01746249943971634,-0.0017874999903142452
1772541043932223200,11.04922314453125,-0.016362499445676804,-0.014299999922513962,0.0002749999985098839
1772541043942133200,11.05913330078125,-0.018424998968839645,-0.010037500411272049,0.002474999986588955
1772541043952043300,11.069043212890625,-0.01952499896287918,-0.007837500423192978,0.0034374999813735485
1772541043961953000,11.078953125,-0.018424998968839645,-0.01209999993443489,0.0056374999694526196
1772541043971863000,11.088863037109375,-0.01209999993443489,-0.01746249943971634,0.008799999952316284
1772541043981773000,11.09877294921875,-0.006737499963492155,-0.021724998950958252,0.004537499975413084
1772541043991682800,11.108682861328125,-0.0004124999977648258,-0.02708750031888485,0.0002749999985098839
1772541044001592800,11.1185927734375,0.006049999967217445,-0.02914999984204769,-0.003987499978393316
1772541044011502800,11.1285029296875,0.009212499484419823,-0.02914999984204769,-0.006049999967217445
1772541044021412900,11.138412841796875,0.012374999932944775,-0.02488750033080578,-0.007149999961256981
1772541044031323000,11.148322998046876,0.01347499992698431,-0.01746249943971634,-0.006049999967217445
1772541044041233000,11.15823291015625,0.012374999932944775,-0.011137500405311584,-0.007149999961256981
1772541044051143000,11.168142822265626,0.008112499490380287,-0.006874999962747097,-0.006049999967217445
1772541044061052700,11.178052734375,0.0017874999903142452,-0.008937500417232513,-0.003987499978393316
1772541044070962700,11.187962646484374,-0.002474999986588955,-0.0057749999687075615,-0.0028874999843537807
1772541044080872700,11.197872802734375,-0.006737499963492155,-0.004674999974668026,0.0002749999985098839
1772541044090782500,11.207782470703124,-0.010999999940395355,-0.007837500423192978,0.0013749999925494194
1772541044100692500,11.2176923828125,-0.010037500411272049,-0.014299999922513962,0.0035749999806284904
1772541044110602200,11.227602294921875,-0.007837500423192978,-0.018562499433755875,0.004537499975413084
1772541044120512300,11.23751220703125,-0.0035749999806284904,-0.01966249942779541,0.0035749999806284904
1772541044130422300,11.24742236328125,0.0038499999791383743,-0.023924998939037323,0.0035749999806284904
1772541044140332300,11.257332275390626,0.008112499490380287,-0.028187500312924385,0.0035749999806284904
1772541044150242300,11.2672421875,0.012374999932944775,-0.03135000169277191,0.0013749999925494194
1772541044160152300,11.27715234375,0.014437500387430191,-0.023924998939037323,-0.0006874999962747097
1772541044170062000,11.28706201171875,0.014437500387430191,-0.01746249943971634,-0.0017874999903142452
1772541044179972000,11.29697216796875,0.010174999944865704,-0.015399999916553497,-0.003987499978393316
1772541044189882000,11.306882080078125,0.005912499967962503,-0.01209999993443489,-0.006049999967217445
1772541044199792000,11.316792236328125,-0.0004124999977648258,-0.0057749999687075615,-0.0028874999843537807
1772541044209702000,11.326701904296876,-0.0035749999806284904,-0.0004124999977648258,0.0002749999985098839
1772541044219612000,11.33661181640625,-0.0035749999806284904,-0.0004124999977648258,0.004537499975413084
1772541044229522000,11.34652197265625,-0.0035749999806284904,-0.0037124999798834324,0.007837500423192978
1772541044239432000,11.356431884765625,-0.002474999986588955,-0.008937500417232513,0.008799999952316284
1772541044249342000,11.366342041015624,-0.0004124999977648258,-0.014299999922513962,0.00989999994635582
1772541044259251700,11.376251708984375,0.0006874999962747097,-0.023924998939037323,0.008799999952316284
1772541044269161700,11.38616162109375,0.002749999985098839,-0.03341250121593475,0.004537499975413084
1772541044279071700,11.39607177734375,0.00494999997317791,-0.043037500232458115,0.004537499975413084
1772541044288981800,11.405981689453125,0.007012499962002039,-0.04619999974966049,0.0056374999694526196
1772541044298891500,11.4158916015625,0.009212499484419823,-0.03987500071525574,0.006737499963492155
1772541044308801500,11.425801513671875,0.009212499484419823,-0.030249999836087227,0.007837500423192978
1772541044318711600,11.435711669921876,0.005912499967962503,-0.021724998950958252,0.007837500423192978
1772541044328621300,11.445621337890625,0.002749999985098839,-0.01966249942779541,0.007837500423192978
1772541044338531300,11.45553125,-0.0004124999977648258,-0.023924998939037323,0.010999999940395355
1772541044348441000,11.465441162109375,-0.004674999974668026,-0.030249999836087227,0.014162499457597733
1772541044358351000,11.47535107421875,-0.002474999986588955,-0.03451250120997429,0.01732499897480011
1772541044368261000,11.48526123046875,-0.0015124999918043613,-0.03135000169277191,0.015262499451637268
1772541044378171100,11.495171142578124,0.002749999985098839,-0.025987500324845314,0.010999999940395355
1772541044388081200,11.5050810546875,0.005912499967962503,-0.023924998939037323,0.006737499963492155
1772541044397991000,11.514990966796875,0.010174999944865704,-0.023924998939037323,0.0035749999806284904
1772541044407901000,11.52490087890625,0.011274999938905239,-0.021724998950958252,0.002474999986588955
1772541044417811000,11.53481103515625,0.011274999938905239,-0.02488750033080578,-0.0006874999962747097
1772541044427721000,11.544720947265626,0.011274999938905239,-0.03341250121593475,-0.00494999997317791
1772541044437631000,11.554630859375,0.011274999938905239,-0.035612501204013824,-0.006049999967217445
1772541044447540700,11.564540771484374,0.011274999938905239,-0.03135000169277191,-0.00494999997317791
1772541044457450800,11.57445068359375,0.010174999944865704,-0.02708750031888485,-0.006049999967217445
1772541044467360800,11.58436083984375,0.008112499490380287,-0.02708750031888485,-0.00494999997317791
1772541044477270500,11.5942705078125,0.005912499967962503,-0.030249999836087227,-0.0028874999843537807
1772541044487180500,11.6041806640625,0.0038499999791383743,-0.03135000169277191,0.0002749999985098839
1772541044497090600,11.614090576171876,0.002749999985098839,-0.03244999796152115,0.006737499963492155
1772541044507000600,11.62400048828125,0.0016499999910593033,-0.03657500073313713,0.006737499963492155
1772541044516910600,11.63391064453125,0.0016499999910593033,-0.040837500244379044,0.004537499975413084
1772541044526820400,11.6438203125,0.0016499999910593033,-0.04193750023841858,0.0035749999806284904
1772541044536730400,11.65373046875,0.002749999985098839,-0.035612501204013824,0.002474999986588955
1772541044546640100,11.66364013671875,0.002749999985098839,-0.030249999836087227,0.0035749999806284904
1772541044556550100,11.673550048828124,0.00494999997317791,-0.025987500324845314,0.0035749999806284904
1772541044566460200,11.683460205078125,0.00494999997317791,-0.022824998944997787,0.0013749999925494194
1772541044576370200,11.6933701171875,0.00494999997317791,-0.016362499445676804,0.0002749999985098839
1772541044586280200,11.7032802734375,0.0038499999791383743,-0.007837500423192978,0.0013749999925494194
1772541044596190000,11.71318994140625,0.002749999985098839,-0.004674999974668026,0.0002749999985098839
1772541044606100000,11.723099853515626,0.0006874999962747097,-0.006874999962747097,0.0002749999985098839
1772541044616010000,11.733010009765625,-0.0004124999977648258,-0.013199999928474426,0.0002749999985098839
1772541044625919700,11.742919677734376,-0.0015124999918043613,-0.018562499433755875,0.0035749999806284904
1772541044635829800,11.752829833984375,-0.0004124999977648258,-0.01966249942779541,0.006737499963492155
1772541044645739800,11.76273974609375,0.0016499999910593033,-0.013199999928474426,0.006737499963492155
1772541044655649800,11.77264990234375,0.0038499999791383743,-0.008937500417232513,0.0035749999806284904
1772541044665559600,11.7825595703125,0.005912499967962503,-0.0057749999687075615,0.002474999986588955
1772541044675469600,11.792469482421875,0.007012499962002039,-0.007837500423192978,0.0013749999925494194
1772541044685379600,11.802379638671875,0.009212499484419823,-0.010037500411272049,0.002474999986588955
1772541044695289300,11.812289306640626,0.010174999944865704,-0.01209999993443489,0.004537499975413084
1772541044705199400,11.822199462890625,0.010174999944865704,-0.010037500411272049,0.0056374999694526196
1772541044715109400,11.832109375,0.007012499962002039,-0.007837500423192978,0.0002749999985098839
1772541044725019400,11.842019287109375,0.0006874999962747097,-0.0057749999687075615,-0.003987499978393316
1772541044734929200,11.85192919921875,-0.002474999986588955,-0.004674999974668026,-0.00494999997317791
1772541044744839200,11.861839111328125,-0.004674999974668026,-0.008937500417232513,-0.003987499978393316
1772541044754749200,11.871749267578124,-0.007837500423192978,-0.01209999993443489,0.0013749999925494194
1772541044764659000,11.881658935546875,-0.006737499963492155,-0.011137500405311584,0.004537499975413084
1772541044774569000,11.89156884765625,-0.0057749999687075615,-0.006874999962747097,0.0056374999694526196
1772541044784479000,11.90147900390625,-0.004674999974668026,-0.0004124999977648258,0.0056374999694526196
1772541044794389000,11.911388916015625,-0.0015124999918043613,0.007012499962002039,0.0035749999806284904
1772541044804298800,11.921298828125,0.0016499999910593033,0.009074999950826168,0.0013749999925494194
1772541044814208800,11.931208740234375,0.008112499490380287,0.004812499973922968,0.0035749999806284904
1772541044824118500,11.941118408203126,0.010174999944865704,0.004812499973922968,0.002474999986588955
1772541044834028500,11.951028564453125,0.012374999932944775,0.007012499962002039,0.004537499975413084
1772541044843938600,11.9609384765625,0.011274999938905239,0.010174999944865704,0.0035749999806284904
1772541044853848300,11.970848388671875,0.008112499490380287,0.016637500375509262,0.0002749999985098839
1772541044863758300,11.98075830078125,0.00494999997317791,0.02502499893307686,-0.0028874999843537807
1772541044873668400,11.99066845703125,0.0016499999910593033,0.02722499892115593,-0.0017874999903142452
1772541044883578400,12.000578369140625,-0.0015124999918043613,0.026124998927116394,0.0002749999985098839
1772541044893488000,12.010488037109376,-0.002474999986588955,0.026124998927116394,0.0002749999985098839
1772541044903398100,12.020398193359375,-0.004674999974668026,0.02722499892115593,0.002474999986588955
1772541044913308200,12.03030810546875,-0.006737499963492155,0.02502499893307686,-0.0006874999962747097
1772541044923218200,12.04021826171875,-0.0057749999687075615,0.022962499409914017,-0.0017874999903142452
1772541044933128000,12.0501279296875,-0.004674999974668026,0.020762499421834946,0.0002749999985098839
1772541044943038000,12.060037841796875,-0.0004124999977648258,0.01759999990463257,0.004537499975413084
1772541044952948000,12.069947998046874,0.00494999997317791,0.01759999990463257,0.0056374999694526196
1772541044962858000,12.07985791015625,0.008112499490380287,0.020762499421834946,0.0056374999694526196
1772541044972767700,12.089767822265625,0.009212499484419823,0.02722499892115593,0.0035749999806284904
1772541044982677800,12.099677734375,0.009212499484419823,0.03148749843239784,0.002474999986588955
1772541044992587800,12.109587890625,0.007012499962002039,0.03148749843239784,0.0002749999985098839
1772541045002497500,12.11949755859375,0.002749999985098839,0.028324998915195465,-0.0028874999843537807
1772541045012407600,12.129407470703125,-0.0004124999977648258,0.024062499403953552,-0.0017874999903142452
1772541045022317600,12.139317626953124,-0.002474999986588955,0.02186249941587448,-0.003987499978393316
1772541045032227300,12.149227294921875,-0.004674999974668026,0.01759999990463257,-0.003987499978393316
1772541045042137300,12.159137451171874,-0.004674999974668026,0.012374999932944775,-0.0017874999903142452
1772541045052047000,12.169047119140625,-0.0035749999806284904,0.011274999938905239,-0.0006874999962747097
1772541045061957000,12.17895703125,-0.0004124999977648258,0.011274999938905239,0.0013749999925494194
1772541045071867100,12.1888671875,0.0016499999910593033,0.013337500393390656,0.0035749999806284904
1772541045081777200,12.198777099609375,0.00494999997317791,0.012374999932944775,0.004537499975413084
1772541045091687200,12.208687255859376,0.005912499967962503,0.011274999938905239,0.002474999986588955
1772541045101597000,12.218596923828125,0.010174999944865704,0.015537500381469727,0.0013749999925494194
1772541045111507000,12.2285068359375,0.010174999944865704,0.01759999990463257,0.0013749999925494194
1772541045121417000,12.2384169921875,0.008112499490380287,0.018699999898672104,0.0013749999925494194
1772541045131326700,12.24832666015625,0.002749999985098839,0.018699999898672104,0.0002749999985098839
1772541045141236700,12.25823681640625,-0.0004124999977648258,0.022962499409914017,-0.0006874999962747097
1772541045151146800,12.268146728515624,-0.0035749999806284904,0.02186249941587448,-0.0017874999903142452
1772541045161056800,12.278056884765626,-0.002474999986588955,0.018699999898672104,-0.0006874999962747097
1772541045170966500,12.287966552734375,-0.002474999986588955,0.010174999944865704,0.0013749999925494194
1772541045180876300,12.297876220703126,-0.002474999986588955,0.007012499962002039,0.0035749999806284904
1772541045190786300,12.307786376953125,-0.0035749999806284904,0.009074999950826168,0.0035749999806284904
1772541045200696300,12.3176962890625,-0.002474999986588955,0.014437500387430191,0.0035749999806284904
1772541045210606300,12.3276064453125,-0.0004124999977648258,0.016637500375509262,0.0002749999985098839
1772541045220516400,12.337516357421874,0.0016499999910593033,0.01759999990463257,-0.0006874999962747097
1772541045230426000,12.347426025390625,0.0038499999791383743,0.015537500381469727,-0.0006874999962747097
1772541045240336100,12.357336181640624,0.007012499962002039,0.014437500387430191,0.0002749999985098839
1772541045250246000,12.367245849609375,0.008112499490380287,0.014437500387430191,0.0035749999806284904
1772541045260156000,12.377156005859375,0.009212499484419823,0.020762499421834946,0.002474999986588955
1772541045270066000,12.38706591796875,0.008112499490380287,0.024062499403953552,0.002474999986588955
1772541045279976000,12.396975830078125,0.005912499967962503,0.02502499893307686,-0.0006874999962747097
1772541045289885700,12.4068857421875,0.0016499999910593033,0.020762499421834946,-0.0006874999962747097
1772541045299795700,12.416795654296875,-0.002474999986588955,0.014437500387430191,0.002474999986588955
1772541045309705700,12.426705810546874,-0.0035749999806284904,0.011274999938905239,0.002474999986588955
1772541045319615700,12.43661572265625,-0.004674999974668026,0.008112499490380287,0.002474999986588955
1772541045329525500,12.446525390625,-0.0015124999918043613,0.0038499999791383743,-0.0017874999903142452
1772541045339435500,12.456435546875,0.0006874999962747097,0.002749999985098839,-0.0017874999903142452
1772541045349345300,12.46634521484375,0.0038499999791383743,0.0038499999791383743,0.0002749999985098839
1772541045359255300,12.47625537109375,0.007012499962002039,0.0016499999910593033,0.0013749999925494194
1772541045369165300,12.486165283203125,0.009212499484419823,0.002749999985098839,-0.0006874999962747097
1772541045379075000,12.496074951171876,0.010174999944865704,0.002749999985098839,0.0002749999985098839
1772541045388985000,12.505985107421875,0.012374999932944775,0.002749999985098839,-0.0017874999903142452
1772541045398895000,12.51589501953125,0.011274999938905239,0.004812499973922968,-0.0006874999962747097
1772541045408804900,12.525804931640625,0.010174999944865704,0.005912499967962503,0.0013749999925494194
1772541045418715000,12.53571484375,0.005912499967962503,0.007012499962002039,0.0002749999985098839
1772541045428625000,12.545625,0.0038499999791383743,0.005912499967962503,0.0002749999985098839
1772541045438535000,12.555534912109374,0.0016499999910593033,0.005912499967962503,-0.0006874999962747097
1772541045448444700,12.565444580078125,-0.0015124999918043613,0.007012499962002039,0.0002749999985098839
1772541045458354700,12.575354736328125,-0.0035749999806284904,0.005912499967962503,0.0013749999925494194
1772541045468264400,12.585264404296876,-0.004674999974668026,0.0016499999910593033,0.0013749999925494194
1772541045478174500,12.595174560546875,-0.004674999974668026,-0.002612499985843897,0.0035749999806284904
1772541045488084500,12.60508447265625,-0.0004124999977648258,-0.006874999962747097,0.0035749999806284904
1772541045497994200,12.614994140625,0.0016499999910593033,-0.008937500417232513,0.004537499975413084
1772541045507904300,12.624904296875,0.00494999997317791,-0.006874999962747097,0.0002749999985098839
1772541045517814300,12.634814208984375,0.005912499967962503,0.0005499999970197678,-0.0017874999903142452
1772541045527724000,12.64472412109375,0.005912499967962503,0.005912499967962503,-0.0028874999843537807
1772541045537634000,12.654634033203125,0.0038499999791383743,0.010174999944865704,-0.003987499978393316
1772541045547544000,12.6645439453125,0.0038499999791383743,0.009074999950826168,-0.0006874999962747097
1772541045557454000,12.6744541015625,0.005912499967962503,0.002749999985098839,0.0013749999925494194
1772541045567363800,12.68436376953125,0.005912499967962503,0.0016499999910593033,0.002474999986588955
1772541045577273900,12.69427392578125,0.00494999997317791,0.002749999985098839,0.004537499975413084
1772541045587183600,12.70418359375,0.002749999985098839,0.005912499967962503,0.0013749999925494194
1772541045597093600,12.71409375,0.0006874999962747097,0.008112499490380287,-0.0017874999903142452
1772541045607003400,12.72400341796875,-0.0035749999806284904,0.0038499999791383743,-0.0028874999843537807
1772541045616913400,12.733913330078124,-0.0057749999687075615,0.0016499999910593033,-0.0028874999843537807
1772541045626823400,12.743823486328125,-0.008937500417232513,-0.0015124999918043613,-0.0017874999903142452
1772541045636733400,12.7537333984375,-0.007837500423192978,-0.006874999962747097,-0.0017874999903142452
1772541045646643500,12.7636435546875,-0.0057749999687075615,-0.010037500411272049,-0.0028874999843537807
1772541045656553200,12.77355322265625,-0.002474999986588955,-0.006874999962747097,-0.0017874999903142452
1772541045666463200,12.783463134765626,-0.002474999986588955,0.0005499999970197678,-0.0028874999843537807
1772541045676373000,12.793373046875,-0.002474999986588955,0.009074999950826168,-0.003987499978393316
1772541045686283000,12.803282958984376,-0.002474999986588955,0.009074999950826168,-0.003987499978393316
1772541045696193000,12.813193115234375,-0.0015124999918043613,-0.0015124999918043613,0.0002749999985098839
1772541045706102800,12.823102783203124,0.0006874999962747097,-0.011137500405311584,0.0035749999806284904
1772541045716012800,12.8330126953125,0.0038499999791383743,-0.01746249943971634,0.004537499975413084
1772541045725922800,12.8429228515625,0.00494999997317791,-0.014299999922513962,0.0013749999925494194
1772541045735832800,12.852832763671875,0.00494999997317791,-0.0057749999687075615,-0.0006874999962747097
1772541045745742600,12.86274267578125,0.0038499999791383743,-0.0004124999977648258,-0.0028874999843537807
1772541045755652600,12.872652587890625,0.0016499999910593033,-0.0015124999918043613,-0.0017874999903142452
1772541045765562600,12.882562744140625,-0.0015124999918043613,-0.0015124999918043613,-0.0006874999962747097
1772541045775472400,12.892472412109376,-0.004674999974668026,-0.0037124999798834324,0.0013749999925494194
1772541045785382100,12.902382080078125,-0.006737499963492155,-0.006874999962747097,0.0002749999985098839
1772541045795292200,12.912292236328126,-0.006737499963492155,-0.008937500417232513,0.002474999986588955
1772541045805202200,12.9222021484375,-0.0057749999687075615,-0.008937500417232513,0.0002749999985098839
1772541045815112200,12.9321123046875,-0.004674999974668026,-0.007837500423192978,-0.0028874999843537807
1772541045825022000,12.94202197265625,-0.004674999974668026,-0.004674999974668026,-0.003987499978393316
1772541045834931700,12.951931640625,-0.0035749999806284904,-0.006874999962747097,-0.003987499978393316
1772541045844841700,12.961841796875,-0.002474999986588955,-0.006874999962747097,-0.0028874999843537807
1772541045854751700,12.971751708984375,-0.0015124999918043613,-0.010037500411272049,-0.003987499978393316
1772541045864661800,12.981661865234376,0.0006874999962747097,-0.011137500405311584,-0.00494999997317791
1772541045874571500,12.991571533203125,0.0006874999962747097,-0.011137500405311584,-0.007149999961256981
1772541045884481500,13.0014814453125,0.0006874999962747097,-0.01209999993443489,-0.009212499484419823
1772541045894391600,13.0113916015625,-0.0004124999977648258,-0.014299999922513962,-0.010312499478459358
1772541045904301300,13.02130126953125,-0.0035749999806284904,-0.018562499433755875,-0.010312499478459358
1772541045914211300,13.03121142578125,-0.004674999974668026,-0.01966249942779541,-0.011412499472498894
1772541045924121300,13.041121337890624,-0.0057749999687075615,-0.021724998950958252,-0.01347499992698431
1772541045934031000,13.051031005859375,-0.006737499963492155,-0.02708750031888485,-0.01347499992698431
1772541045943941000,13.060941162109375,-0.008937500417232513,-0.03244999796152115,-0.012374999932944775
1772541045953851100,13.07085107421875,-0.008937500417232513,-0.03341250121593475,-0.011412499472498894
1772541045963761000,13.080760986328125,-0.010037500411272049,-0.0387750007212162,-0.012374999932944775
1772541045973671000,13.0906708984375,-0.010037500411272049,-0.045099999755620956,-0.012374999932944775
1772541045983580700,13.10058056640625,-0.007837500423192978,-0.04936249926686287,-0.01347499992698431
1772541045993490700,13.11049072265625,-0.008937500417232513,-0.05692499876022339,-0.01347499992698431
1772541046003400700,13.120400634765625,-0.007837500423192978,-0.06104999780654907,-0.012374999932944775
1772541046013310500,13.130310546875,-0.007837500423192978,-0.06435000151395798,-0.01347499992698431
1772541046023220500,13.140220458984375,-0.007837500423192978,-0.06435000151395798,-0.012374999932944775
1772541046033130500,13.150130615234374,-0.010999999940395355,-0.06324999779462814,-0.011412499472498894
1772541046043040300,13.160040283203125,-0.01209999993443489,-0.062150001525878906,-0.010312499478459358
1772541046052950300,13.1699501953125,-0.015262499451637268,-0.062150001525878906,-0.009212499484419823
1772541046062860000,13.179860107421876,-0.01746249943971634,-0.06104999780654907,-0.009212499484419823
1772541046072770000,13.18977001953125,-0.01952499896287918,-0.06324999779462814,-0.008112499490380287
1772541046082680000,13.19968017578125,-0.020624998956918716,-0.06641250103712082,-0.009212499484419823
1772541046092589800,13.20958984375,-0.020624998956918716,-0.06435000151395798,-0.009212499484419823
1772541046102499800,13.219499755859376,-0.021724998950958252,-0.057887498289346695,-0.006049999967217445
1772541046112409900,13.229409912109375,-0.020624998956918716,-0.052662499248981476,-0.007149999961256981
1772541046122319600,13.239319580078124,-0.021724998950958252,-0.050462499260902405,-0.006049999967217445
1772541046132229600,13.249229736328125,-0.025987500324845314,-0.050462499260902405,-0.006049999967217445
1772541046142139600,13.2591396484375,-0.02488750033080578,-0.050462499260902405,-0.008112499490380287
1772541046152049700,13.269049560546875,-0.025987500324845314,-0.04619999974966049,-0.008112499490380287
1772541046161959400,13.27895947265625,-0.02694999985396862,-0.050462499260902405,-0.008112499490380287
1772541046171869400,13.288869384765626,-0.02488750033080578,-0.052662499248981476,-0.009212499484419823
1772541046181779200,13.298779296875,-0.02488750033080578,-0.04936249926686287,-0.008112499490380287
1772541046191689200,13.308689208984376,-0.023787500336766243,-0.040837500244379044,-0.006049999967217445
1772541046201599200,13.31859912109375,-0.022824998944997787,-0.03451250120997429,-0.003987499978393316
1772541046211509000,13.328509033203124,-0.021724998950958252,-0.02914999984204769,-0.0017874999903142452
1772541046221419000,13.3384189453125,-0.021724998950958252,-0.025987500324845314,-0.003987499978393316
1772541046231329000,13.3483291015625,-0.021724998950958252,-0.021724998950958252,-0.00494999997317791
1772541046241238800,13.35823876953125,-0.020624998956918716,-0.015399999916553497,-0.006049999967217445
1772541046251148800,13.368148681640625,-0.01952499896287918,-0.008937500417232513,-0.006049999967217445
1772541046261058800,13.378058837890626,-0.016362499445676804,-0.0057749999687075615,-0.006049999967217445
1772541046270968600,13.387968505859375,-0.01209999993443489,-0.004674999974668026,-0.007149999961256981
1772541046280878600,13.397878662109376,-0.007837500423192978,-0.004674999974668026,-0.006049999967217445
1772541046290788400,13.407788330078125,-0.0057749999687075615,-0.002612499985843897,-0.006049999967217445
1772541046300698400,13.417698486328124,-0.0035749999806284904,-0.002612499985843897,-0.00494999997317791
1772541046310608100,13.427608154296875,-0.0035749999806284904,-0.0037124999798834324,-0.006049999967217445
1772541046320518100,13.43751806640625,-0.004674999974668026,-0.0057749999687075615,-0.006049999967217445
1772541046330428200,13.44742822265625,-0.006737499963492155,-0.007837500423192978,-0.006049999967217445
1772541046340338000,13.457337890625,-0.008937500417232513,-0.0057749999687075615,-0.00494999997317791
1772541046350248000,13.467248046875,-0.010999999940395355,0.002749999985098839,-0.0028874999843537807
1772541046360158000,13.477157958984375,-0.010999999940395355,0.009074999950826168,-0.0006874999962747097
1772541046370067700,13.487067626953126,-0.008937500417232513,0.013337500393390656,0.002474999986588955
1772541046379977700,13.496977783203125,-0.007837500423192978,0.015537500381469727,0.006737499963492155
1772541046389887700,13.5068876953125,-0.006737499963492155,0.016637500375509262,0.010999999940395355
1772541046399797500,13.516797607421875,-0.004674999974668026,0.016637500375509262,0.00989999994635582
1772541046409707500,13.52670751953125,-0.0057749999687075615,0.014437500387430191,0.00989999994635582
1772541046419617300,13.5366171875,-0.0035749999806284904,0.013337500393390656,0.006737499963492155
1772541046429527300,13.54652734375,-0.004674999974668026,0.009074999950826168,0.004537499975413084
1772541046439437300,13.556437255859375,-0.006737499963492155,-0.0015124999918043613,0.0002749999985098839
1772541046449347000,13.56634716796875,-0.010037500411272049,-0.007837500423192978,-0.0028874999843537807
1772541046459257000,13.576257080078125,-0.010999999940395355,-0.010037500411272049,-0.0028874999843537807
1772541046469166800,13.586166748046875,-0.010037500411272049,-0.008937500417232513,-0.0028874999843537807
1772541046479076900,13.596076904296876,-0.010037500411272049,-0.007837500423192978,-0.0028874999843537807
1772541046488987000,13.60598681640625,-0.007837500423192978,-0.007837500423192978,-0.0028874999843537807
1772541046498896600,13.615896728515626,-0.007837500423192978,-0.0057749999687075615,-0.003987499978393316
1772541046508806700,13.625806640625,-0.006737499963492155,-0.004674999974668026,-0.003987499978393316
1772541046518716700,13.635716552734374,-0.0057749999687075615,-0.006874999962747097,-0.00494999997317791
1772541046528626400,13.64562646484375,-0.0057749999687075615,-0.010037500411272049,-0.007149999961256981
1772541046538536400,13.655536376953124,-0.004674999974668026,-0.011137500405311584,-0.010312499478459358
1772541046548446200,13.6654462890625,-0.0035749999806284904,-0.010037500411272049,-0.010312499478459358
1772541046558356200,13.675356201171875,-0.004674999974668026,-0.0037124999798834324,-0.010312499478459358
1772541046568266000,13.685265869140625,-0.0057749999687075615,0.0038499999791383743,-0.010312499478459358
1772541046578176000,13.695176025390625,-0.007837500423192978,0.014437500387430191,-0.009212499484419823
1772541046588086000,13.7050859375,-0.007837500423192978,0.024062499403953552,-0.008112499490380287
1772541046597995800,13.714995849609375,-0.008937500417232513,0.03355000168085098,-0.007149999961256981
1772541046607905800,13.72490576171875,-0.010037500411272049,0.0411125011742115,-0.00494999997317791
1772541046617815600,13.734815673828125,-0.010037500411272049,0.045237500220537186,-0.003987499978393316
1772541046627725600,13.7447255859375,-0.010037500411272049,0.04427500069141388,-0.0006874999962747097
1772541046637635300,13.75463525390625,-0.010999999940395355,0.04427500069141388,0.0002749999985098839
1772541046647545300,13.76454541015625,-0.010999999940395355,0.04427500069141388,0.0002749999985098839
1772541046657455400,13.774455322265625,-0.010999999940395355,0.04207500070333481,0.002474999986588955
1772541046667365000,13.784365234375,-0.010037500411272049,0.03684999793767929,0.002474999986588955
1772541046677275100,13.794275146484376,-0.008937500417232513,0.03148749843239784,0.004537499975413084
1772541046687185000,13.804184814453125,-0.0057749999687075615,0.024062499403953552,0.0056374999694526196
1772541046697095000,13.814094970703126,-0.0057749999687075615,0.018699999898672104,0.0056374999694526196
1772541046707005000,13.8240048828125,-0.004674999974668026,0.013337500393390656,0.0056374999694526196
1772541046716914700,13.833914794921874,-0.004674999974668026,0.009074999950826168,0.002474999986588955
1772541046726824700,13.84382470703125,-0.0015124999918043613,0.007012499962002039,-0.0006874999962747097
1772541046736734500,13.853734375,0.0006874999962747097,0.0038499999791383743,-0.0028874999843537807
1772541046746644500,13.86364453125,0.002749999985098839,0.0005499999970197678,-0.003987499978393316
1772541046756554500,13.873554443359374,0.00494999997317791,-0.002612499985843897,-0.008112499490380287
1772541046766464300,13.88346435546875,0.007012499962002039,-0.002612499985843897,-0.009212499484419823
1772541046776374300,13.893374267578125,0.008112499490380287,0.0005499999970197678,-0.010312499478459358
1772541046786284000,13.903283935546876,0.008112499490380287,0.007012499962002039,-0.008112499490380287
1772541046796194000,13.913194091796875,0.009212499484419823,0.013337500393390656,-0.00494999997317791
1772541046806104000,13.92310400390625,0.005912499967962503,0.018699999898672104,-0.0028874999843537807
1772541046816014000,13.93301416015625,0.0038499999791383743,0.026124998927116394,0.004537499975413084
1772541046825923800,13.942923828125,0.0038499999791383743,0.028324998915195465,-0.0006874999962747097
1772541046835833600,13.95283349609375,0.0006874999962747097,0.026124998927116394,-0.003987499978393316
1772541046845743600,13.96274365234375,-0.0015124999918043613,0.02502499893307686,-0.0017874999903142452
1772541046855653600,13.972653564453125,-0.002474999986588955,0.024062499403953552,-0.0006874999962747097
1772541046865563600,13.982563720703125,-0.006737499963492155,0.03258749842643738,-0.0017874999903142452
1772541046875473400,13.992473388671876,-0.014299999922513962,0.06984999775886536,-0.012374999932944775
1772541046885383200,14.002383056640625,-0.02488750033080578,0.11659999936819077,-0.02199999988079071
1772541046895293200,14.012293212890626,-0.028049999848008156,0.09955000132322311,-0.020899999886751175
1772541046905203200,14.022203125,-0.023787500336766243,0.02928750030696392,-0.023099999874830246
1772541046915113200,14.03211328125,-0.020624998956918716,0.0016499999910593033,-0.029424998909235
1772541046925023000,14.04202294921875,-0.002474999986588955,-0.002612499985843897,-0.017737500369548798
1772541046934933000,14.05193310546875,0.0038499999791383743,0.005912499967962503,-0.0006874999962747097
1772541046944843000,14.061843017578125,0.008112499490380287,0.018699999898672104,0.010999999940395355
1772541046954752800,14.071752685546874,0.009212499484419823,0.02928750030696392,0.01209999993443489
1772541046964662500,14.08166259765625,0.008112499490380287,0.026124998927116394,0.007837500423192978
1772541046974572500,14.091572509765625,0.009212499484419823,0.0038499999791383743,0.0002749999985098839
1772541046984482600,14.101482666015626,0.011274999938905239,0.005912499967962503,-0.0006874999962747097
1772541046994392300,14.111392333984375,0.014437500387430191,0.03148749843239784,0.004537499975413084
1772541047004302300,14.12130224609375,0.015537500381469727,0.04207500070333481,0.01209999993443489
1772541047014212000,14.131212158203125,0.016637500375509262,0.03891250118613243,0.013062499463558197
1772541047024122000,14.1411220703125,0.016637500375509262,0.028324998915195465,0.010999999940395355
1772541047034032000,14.1510322265625,0.017737500369548798,0.020762499421834946,0.010999999940395355
1772541047043942000,14.16094189453125,0.017737500369548798,0.02502499893307686,0.010999999940395355
1772541047053852000,14.170851806640625,0.018699999898672104,0.04001250118017197,0.010999999940395355
1772541047063761700,14.18076171875,0.015537500381469727,0.045237500220537186,0.006737499963492155
1772541047073671700,14.190671630859375,0.014437500387430191,0.030387500301003456,0.0035749999806284904
1772541047083581400,14.20058154296875,0.01347499992698431,0.005912499967962503,-0.0017874999903142452
1772541047093491500,14.210491455078126,0.01347499992698431,-0.013199999928474426,-0.00494999997317791
1772541047103401200,14.220401123046875,0.014437500387430191,-0.0037124999798834324,-0.003987499978393316
1772541047113311200,14.230311279296876,0.012374999932944775,0.002749999985098839,-0.0017874999903142452
1772541047123221000,14.240220947265625,0.011274999938905239,-0.004674999974668026,-0.0017874999903142452
1772541047133131000,14.250131103515624,0.010174999944865704,-0.0057749999687075615,-0.0028874999843537807
1772541047143041000,14.260041015625,0.01347499992698431,0.009074999950826168,-0.0006874999962747097
1772541047152950800,14.26995068359375,0.02199999988079071,0.004812499973922968,0.0056374999694526196
1772541047162860800,14.27986083984375,0.01979999989271164,-0.007837500423192978,0.006737499963492155
1772541047172770600,14.2897705078125,0.017737500369548798,-0.02708750031888485,0.0002749999985098839
1772541047182680600,14.2996806640625,0.026262499392032623,-0.04729999974370003,0.0002749999985098839
1772541047192590600,14.309590576171875,0.017737500369548798,-0.03987500071525574,0.0035749999806284904
1772541047202500400,14.319500244140626,0.01979999989271164,-0.018562499433755875,0.004537499975413084
1772541047212410400,14.329410400390625,0.02722499892115593,-0.06104999780654907,0.008799999952316284
1772541047222320000,14.339320068359376,0.024062499403953552,-0.1260875016450882,0.01209999993443489
1772541047232230100,14.349230224609375,0.018699999898672104,-0.16335000097751617,0.010999999940395355
1772541047242140200,14.35914013671875,0.009212499484419823,-0.13667500019073486,0.004537499975413084
1772541047252050000,14.3690498046875,0.008112499490380287,-0.057887498289346695,0.002474999986588955
1772541047261960000,14.3789599609375,0.007012499962002039,0.009074999950826168,0.013062499463558197
1772541047271869700,14.38886962890625,0.005912499967962503,0.03684999793767929,0.01952499896287918
1772541047281779700,14.39877978515625,-0.0004124999977648258,0.09006249904632568,0.01732499897480011
1772541047291689700,14.408689697265626,0.007012499962002039,0.12292499840259552,0.020624998956918716
1772541047301599500,14.418599609375,-0.0004124999977648258,0.05486249923706055,0.035475000739097595
1772541047311509500,14.428509521484376,0.008112499490380287,-0.08139999955892563,0.03231250122189522
1772541047321419300,14.438419189453125,-0.004674999974668026,-0.10587500035762787,0.00989999994635582
1772541047331329000,14.4483291015625,-0.010037500411272049,-0.050462499260902405,-0.01347499992698431
1772541047341239000,14.458239013671875,-0.030249999836087227,-0.018562499433755875,-0.018837500363588333
1772541047351149000,14.468149169921874,-0.028049999848008156,-0.01966249942779541,-0.016637500375509262
1772541047361058800,14.478058837890625,-0.02488750033080578,0.06132499873638153,-0.0017874999903142452
1772541047370968800,14.48796875,-0.010999999940395355,0.09844999760389328,0.025849999859929085
1772541047380878600,14.497878662109375,-0.008937500417232513,0.02502499893307686,0.028049999848008156
1772541047390788600,14.50778857421875,-0.037675000727176666,-0.03657500073313713,-0.007149999961256981
1772541047400698400,14.517698486328126,-0.03451250120997429,-0.011137500405311584,-0.040150001645088196
1772541047410608400,14.5276083984375,-0.030249999836087227,0.02186249941587448,-0.035887498408555984
1772541047420518400,14.537518310546876,-0.037675000727176666,0.01979999989271164,-0.03162499889731407
1772541047430428200,14.54742822265625,-0.043037500232458115,0.0038499999791383743,-0.035887498408555984
1772541047440338200,14.557338134765626,-0.048262499272823334,-0.025987500324845314,-0.040150001645088196
1772541047450248200,14.567248291015625,-0.03973750025033951,-0.1377750039100647,-0.030524998903274536
1772541047460158000,14.577157958984374,-0.057887498289346695,-0.2569875121116638,-0.030524998903274536
1772541047470067700,14.587067626953125,-0.06324999779462814,-0.26647499203681946,-0.054999999701976776
1772541047479977700,14.596977783203124,-0.055687498301267624,-0.21326249837875366,-0.08579999953508377
1772541047489887700,14.6068876953125,-0.06531249731779099,-0.15262499451637268,-0.10821250081062317
1772541047499797500,14.616797607421875,-0.08236250281333923,-0.11426249891519547,-0.10188750177621841
1772541047509707500,14.62670751953125,-0.07603749632835388,-0.12498749792575836,-0.06984999775886536
1772541047519617300,14.6366171875,-0.045099999755620956,-0.16335000097751617,-0.012374999932944775
1772541047529527000,14.646527099609376,-0.02914999984204769,-0.22605000436306,0.04922499880194664
1772541047539437000,14.65643701171875,-0.040837500244379044,-0.2835249900817871,0.09611249715089798
1772541047549347000,14.66634716796875,-0.050462499260902405,-0.26124998927116394,0.12484999746084213
1772541047559257000,14.676257080078125,-0.05678749829530716,-0.19304999709129333,0.11742500215768814
1772541047569166800,14.686166748046874,-0.1046374961733818,-0.18782499432563782,0.09184999763965607
1772541047579076900,14.696076904296875,-0.1993750035762787,-0.21230000257492065,0.055687498301267624
1772541047588986600,14.705986572265624,-0.28462499380111694,-0.22495000064373016,0.040837500244379044
1772541047598896400,14.715896484375,-0.3068999946117401,-0.15798750519752502,0.03657500073313713
1772541047608806400,14.725806396484375,-0.29411250352859497,0.004812499973922968,0.042899999767541885
1772541047618716400,14.73571630859375,-0.27073749899864197,0.14643749594688416,0.03863750025629997
1772541047628626200,14.745626220703125,-0.26001250743865967,0.20391249656677246,0.02474999986588955
1772541047638536200,14.7555361328125,-0.2451625019311905,0.17201249301433563,-0.0017874999903142452
1772541047648446200,14.7654462890625,-0.22384999692440033,0.11879999935626984,-0.03904999792575836
1772541047658356000,14.77535595703125,-0.18768750131130219,0.10491249710321426,-0.04647500067949295
1772541047668266000,14.785265869140625,-0.14409999549388885,0.12292499840259552,-0.007149999961256981
1772541047678175700,14.79517578125,-0.08442500233650208,0.0943249985575676,0.04606249928474426
1772541047688085800,14.805085693359375,-0.043037500232458115,-0.060087498277425766,0.07796250283718109
1772541047697995500,14.81499560546875,-0.06104999780654907,-0.3389374911785126,0.09184999763965607
1772541047707905500,14.824905517578125,-0.09088750183582306,-0.5868499875068665,0.07163749635219574
1772541047717815300,14.834815185546875,-0.11962500214576721,-0.7092249989509583,0.021587500348687172
1772541047727725300,14.844725341796876,-0.16431249678134918,-0.675125002861023,-0.04867500066757202
1772541047737635000,14.854635009765625,-0.22288750112056732,-0.5751624703407288,-0.06668750196695328
1772541047747545000,14.864545166015626,-0.2685374915599823,-0.44536250829696655,-0.05926249921321869
1772541047757454800,14.874454833984375,-0.2685374915599823,-0.4059000015258789,-0.040150001645088196
1772541047767364900,14.88436474609375,-0.24310000240802765,-0.4516874849796295,-0.02419999986886978
1772541047777275000,14.89427490234375,-0.22384999692440033,-0.5783249735832214,-0.010312499478459358
1772541047787184600,14.9041845703125,-0.17916250228881836,-0.6847500205039978,0.0035749999806284904
1772541047797094700,14.9140947265625,-0.11110000312328339,-0.7049624919891357,0.004537499975413084
1772541047807004400,14.92400439453125,-0.02694999985396862,-0.6676999926567078,-0.01347499992698431
1772541047816914200,14.9339140625,0.008112499490380287,-0.6198499798774719,-0.05073750019073486
1772541047826824200,14.94382421875,-0.022824998944997787,-0.6528499722480774,-0.08910000324249268
1772541047836734200,14.953734130859376,-0.18988749384880066,-0.740024983882904,-0.116737499833107
1772541047846644000,14.96364404296875,-0.5048999786376953,-0.8093249797821045,-0.13488750159740448
1772541047856554000,14.973553955078126,-0.7570750117301941,-0.8592374920845032,-0.13158750534057617
1772541047866463700,14.983463623046875,-0.6133875250816345,-0.8454874753952026,-0.08910000324249268
1772541047876373800,14.993373779296874,-0.2761000096797943,-0.7145875096321106,-0.006049999967217445
1772541047886283800,15.00328369140625,-0.010999999940395355,-0.6050000190734863,0.09927500039339066
1772541047896193500,15.013193603515624,0.1284250020980835,-0.5772249698638916,0.1652749925851822
1772541047906103600,15.023103515625,0.0752125009894371,-0.5208500027656555,0.1461624950170517
1772541047916013600,15.033013671875,-0.0812624990940094,-0.41126251220703125,0.045099999755620956
1772541047925923300,15.04292333984375,-0.16005000472068787,-0.30373749136924744,-0.08579999953508377
1772541047935833300,15.052833251953125,-0.0929500013589859,-0.2186249941587448,-0.17847499251365662
1772541047945743000,15.0627431640625,0.06764999777078629,-0.17599999904632568,-0.20611250400543213
1772541047955653000,15.072653076171875,0.29548749327659607,-0.15578749775886536,-0.18906250596046448
1772541047965563000,15.08256298828125,0.47203749418258667,-0.1303499937057495,-0.17957499623298645
1772541047975472600,15.09247265625,0.5050374865531921,-0.10793749988079071,-0.2040500044822693
1772541047985382700,15.102382568359374,0.408237487077713,-0.11756250262260437,-0.2539624869823456
1772541047995292400,15.11229248046875,0.26028749346733093,-0.13241249322891235,-0.31790000200271606
1772541048005202400,15.122202392578124,0.14643749594688416,-0.06104999780654907,-0.37537500262260437
1772541048015112400,15.132112548828125,0.10284999758005142,0.08153750002384186,-0.430649995803833
1772541048025022200,15.142022216796875,-0.7368624806404114,0.1293874979019165,-0.5307499766349792
1772541048034932000,15.151931884765625,-1.1008249521255493,-0.14409999549388885,-0.43601250648498535
1772541048044842000,15.161842041015625,-0.83160001039505,-0.5517874956130981,-0.16568750143051147
1772541048054752000,15.171751953125,-0.869825005531311,-0.7954375147819519,-0.0017874999903142452
1772541048064662000,15.181662109375,-0.6665999889373779,-0.9039250016212463,0.16637499630451202
1772541048074571800,15.19157177734375,-0.3951750099658966,-0.7294374704360962,0.1695374995470047
1772541048084481800,15.201481689453125,-0.21752500534057617,-0.5900124907493591,0.16101250052452087
1772541048094391600,15.2113916015625,-0.15468749403953552,-0.4591124951839447,0.23663750290870667
1772541048104301600,15.221301513671875,-0.11110000312328339,-0.2410375028848648,0.29727500677108765
1772541048114211300,15.23121142578125,-0.07273750007152557,-0.06435000151395798,0.3515875041484833
1772541048124121300,15.241121337890625,-0.03451250120997429,0.05596249923110008,0.4164874851703644
1772541048134031000,15.251031005859375,0.005912499967962503,0.11027500033378601,0.5047624707221985
1772541048143941000,15.260941162109376,0.05596249923110008,0.1293874979019165,0.6484500169754028
1772541048153851000,15.270850830078125,0.03148749843239784,0.08786249905824661,0.8346250057220459
1772541048163761000,15.280760986328126,-0.04193750023841858,-0.011137500405311584,0.9549375176429749
1772541048173671000,15.2906708984375,-0.12278749793767929,-0.15798750519752502,0.9581000208854675
1772541048183580700,15.30058056640625,-0.1845249980688095,-0.24736249446868896,0.8559374809265137
1772541048193490700,15.31049072265625,-0.2377374917268753,-0.1611499935388565,0.6825500130653381
1772541048203400400,15.320400390625,-0.28036248683929443,0.08153750002384186,0.5016000270843506
1772541048213310200,15.330310302734375,-0.004674999974668026,0.21559999883174896,0.36643749475479126
1772541048223220200,15.34022021484375,0.27101248502731323,0.24213749170303345,0.234437495470047
1772541048233130000,15.3501298828125,0.29438748955726624,0.21876250207424164,0.19401249289512634
1772541048243040000,15.3600400390625,0.3316499888896942,0.29218751192092896,0.2824249863624573
1772541048252950000,15.369949951171876,0.49665001034736633,0.42198750376701355,0.44302499294281006
1772541048262859800,15.37985986328125,0.5923500061035156,0.32202500104904175,0.4622749984264374
1772541048272769800,15.389769775390626,0.5923500061035156,0.2358125001192093,0.340862512588501
1772541048282679600,15.399679443359375,0.29864999651908875,0.23361249268054962,0.1387374997138977
1772541048292589300,15.40958935546875,-0.04193750023841858,0.25382500886917114,-0.09968750178813934
1772541048302499300,15.419499267578125,0.09212499856948853,0.3656125068664551,-0.20074999332427979
1772541048312409300,15.429409423828124,0.0006874999962747097,0.39118748903274536,-0.22316250205039978
1772541048322319000,15.439319091796875,0.12416250258684158,0.5178250074386597,-0.21037499606609344
1772541048332228900,15.449228759765624,0.9255124926567078,0.5849249958992004,-0.01993750035762787
1772541048342139000,15.459138916015625,1.1617374420166016,0.7210500240325928,0.26317501068115234
1772541048352048600,15.469048583984375,1.0946375131607056,1.1063250303268433,0.4164874851703644
1772541048361958700,15.478958740234376,1.091475009918213,1.4936624765396118,0.4441249966621399
1772541048371868700,15.48886865234375,0.9318374991416931,1.7257624864578247,0.2961750030517578
1772541048381778400,15.4987783203125,0.5295125246047974,1.6065499782562256,0.0812624990940094
1772541048391688400,15.5086884765625,-0.04193750023841858,1.2255375385284424,-0.10711249709129333
1772541048401598200,15.51859814453125,-0.5666375160217285,0.6391000151634216,-0.22316250205039978
1772541048411508200,15.52850830078125,-0.675125002861023,0.4805625081062317,-0.19126249849796295
1772541048421418000,15.53841796875,-0.583549976348877,0.608299970626831,-0.12209999561309814
1772541048431328000,15.548327880859375,-0.5772249698638916,0.932937502861023,-0.11137499660253525
1772541048441238000,15.558238037109374,-0.6654999852180481,1.1914374828338623,-0.2316875010728836
1772541048451147800,15.568147705078125,-0.6443250179290771,1.4394874572753906,-0.40191251039505005
1772541048461057500,15.5780576171875,-0.6730625033378601,1.5586999654769897,-0.29548749327659607
1772541048470967600,15.587967529296876,-0.43037500977516174,1.437287449836731,0.01209999993443489
1772541048480877300,15.597877197265625,-0.14726249873638153,1.2244374752044678,0.30153748393058777
1772541048490787300,15.607787353515626,-0.055687498301267624,0.9350000023841858,0.3143250048160553
1772541048500697300,15.617697265625,0.16032500565052032,0.6146249771118164,0.082225002348423
1772541048510607000,15.627607177734374,0.35612499713897705,0.07507500052452087,-0.14327499270439148
1772541048520517000,15.63751708984375,1.0319374799728394,0.25712499022483826,-0.12209999561309814
1772541048530427000,15.647427001953124,1.7459750175476074,0.3465000092983246,-0.09542500227689743
1772541048540337000,15.6573369140625,2.101412534713745,0.47423750162124634,-0.11453749984502792
1772541048550246700,15.66724658203125,2.265312433242798,0.8137249946594238,-0.24873749911785126
1772541048560156700,15.67715673828125,2.396212577819824,1.091475009918213,-0.40617498755455017
1772541048570066400,15.68706640625,2.393049955368042,1.3063875436782837,-0.476437509059906
1772541048579976400,15.6969765625,2.3973124027252197,1.5501749515533447,-0.5168625116348267
1772541048589886200,15.70688623046875,2.5909125804901123,1.7012875080108643,-0.48606249690055847
1772541048599796200,15.716796142578126,2.685649871826172,1.7012875080108643,-0.42432498931884766
1772541048609706000,15.7267060546875,2.8432250022888184,1.6512374877929688,-0.4955500066280365
1772541048619615700,15.73661572265625,2.903862476348877,1.277649998664856,-0.5572875142097473
1772541048629525800,15.74652587890625,2.7260749340057373,0.9637374877929688,-0.7095000147819519
1772541048639435800,15.756435791015624,2.3984124660491943,0.6518874764442444,-0.7808625102043152
1772541048649345500,15.766345458984375,2.153524875640869,0.0411125011742115,-0.7595499753952026
1772541048659255600,15.776255615234374,1.8705500364303589,-0.8358625173568726,-0.8276125192642212
1772541048669165300,15.786165283203125,1.6139750480651855,-1.2509750127792358,-1.1650375127792358
1772541048679075000,15.796074951171875,1.404425024986267,-1.917162537574768,-1.2661000490188599
1772541048688985000,15.805985107421876,1.251112461090088,-2.55145001411438,-1.1394624710083008
1772541048698894800,15.815894775390625,1.1713625192642212,-2.665299892425537,-1.2586749792099
1772541048708804900,15.825804931640626,0.8637750148773193,-1.9426000118255615,-1.3139499425888062
1772541048718715000,15.83571484375,0.3731749951839447,-0.9880750179290771,-1.4033249616622925
1772541048728624600,15.845624755859374,-0.14836250245571136,0.24117499589920044,-1.9834375381469727
1772541048738534700,15.85553466796875,-0.5666375160217285,0.5326749682426453,-2.382462501525879
1772541048748444400,15.8654443359375,-0.6059625148773193,-0.10903749614953995,-2.6687374114990234
1772541048758354200,15.875354248046875,-0.42294999957084656,-1.0976624488830566,-2.7825875282287598
1772541048768264200,15.88526416015625,-0.24310000240802765,-2.4459874629974365,-2.889012575149536
1772541048778174200,15.89517431640625,-0.3302749991416931,-3.416599988937378,-2.9826500415802
1772541048788084000,15.905083984375,-0.8327000141143799,-3.6911873817443848,-2.674099922180176
1772541048797994000,15.914993896484376,-1.5148375034332275,-3.281437397003174,-2.3005125522613525
1772541048807903700,15.92490380859375,-2.0352749824523926,-3.163325071334839,-1.5342249870300293
1772541048817813800,15.934813720703126,-1.8191249370574951,-3.6656124591827393,-0.6605499982833862
1772541048827723500,15.9447236328125,-1.5637874603271484,-4.511650085449219,-0.13901250064373016
1772541048837633300,15.95463330078125,-1.5339499711990356,-4.877812385559082,0.12691250443458557
1772541048847543300,15.964543212890625,-1.7467999458312988,-4.695762634277344,0.21738749742507935
1772541048857453300,15.974453369140624,-2.031012535095215,-4.728762626647949,0.19401249289512634
1772541048867363000,15.984363037109375,-2.2032999992370605,-4.853337287902832,0.3601124882698059
1772541048877273000,15.994273193359374,-2.242762565612793,-5.126824855804443,0.4717625081539154
1772541048887182800,16.004182861328125,-2.218287467956543,-5.2300872802734375,0.4207499921321869
1772541048897092900,16.0140927734375,-2.1543500423431396,-4.982037544250488,0.4526500105857849
1772541048907002600,16.024002685546876,-2.024549961090088,-4.594699859619141,0.7654625177383423
1772541048916912600,16.03391259765625,-1.8361749649047852,-4.250949859619141,1.3199999332427979
1772541048936732400,16.053732421875,-1.1147124767303467,-2.575924873352051,2.886537551879883
1772541048946642200,16.06364208984375,-0.38032498955726624,-1.6297874450683594,4.202962398529053
1772541048956552200,16.07355224609375,0.31349998712539673,-0.682687520980835,5.222525119781494
1772541048966462000,16.0834619140625,0.8977375030517578,-0.028187500312924385,5.568337440490723
1772541048976372000,16.0933720703125,1.4480124711990356,0.10064999759197235,5.520487308502197
1772541048986281700,16.10328173828125,1.9056124687194824,0.002749999985098839,5.461912631988525
1772541048996191700,16.113191650390625,2.208937406539917,-0.12925000488758087,5.408699989318848
1772541049006101500,16.1231015625,2.3984124660491943,-0.2974124848842621,5.397012233734131
1772541049016011500,16.133011474609376,2.3207249641418457,-0.3548874855041504,5.640662670135498
1772541049025921300,16.14292138671875,1.9226624965667725,-0.08030000329017639,6.106925010681152
1772541049035831300,16.152831298828126,1.7098125219345093,0.7519875168800354,6.535787582397461
1772541049045741000,16.162740966796875,2.0014500617980957,1.5096124410629272,7.069974899291992
1772541049055651000,16.172651123046876,2.667637586593628,1.8108749389648438,7.6872124671936035
1772541049065560800,16.182560791015625,3.171025037765503,1.461762547492981,7.9639997482299805
1772541049075470800,16.192470947265626,3.4530375003814697,0.9828500151634216,7.628637313842773
1772541049085380900,16.202380859375,3.5019874572753906,0.56045001745224,6.909237384796143
1772541049095290600,16.21229052734375,3.29229998588562,0.17723749577999115,5.988675117492676
1772541049105200400,16.222200439453125,2.865499973297119,-0.16224999725818634,5.059724807739258
1772541049115110400,16.2321103515625,2.2291500568389893,-0.4622749984264374,4.437125205993652
1772541049125020200,16.242020263671876,1.4767500162124634,-0.45801249146461487,4.146587371826172
1772541049134930000,16.251929931640625,1.035099983215332,-0.11756250262260437,4.037962436676025
1772541049144840000,16.26183984375,1.3458499908447266,0.4890874922275543,3.827312469482422
1772541049154750000,16.27175,1.8290250301361084,0.2560249865055084,3.591087579727173
1772541049164659700,16.28165966796875,2.0684125423431396,-0.37400001287460327,3.2323498725891113
1772541049184479500,16.3014794921875,1.9024499654769897,-1.044450044631958,2.1447250843048096
1772541049194389500,16.311389404296875,1.4904999732971191,-1.238187551498413,1.826550006866455
1772541049204299300,16.32129931640625,0.9053000211715698,-1.3828375339508057,1.5795999765396118
1772541049214209000,16.331208984375,0.28696250915527344,-1.6286875009536743,1.3391125202178955
1772541049224119000,16.341119140625,-0.062150001525878906,-1.714900016784668,0.9890375137329102
1772541049234029000,16.351029052734376,0.043175000697374344,-1.1668249368667603,0.638824999332428
1772541049243938800,16.360938720703125,0.16032500565052032,-0.7666999697685242,0.4302375018596649
1772541049253848800,16.370848876953126,0.11879999935626984,-1.513737440109253,0.8581374883651733
1772541049263758600,16.380758544921875,0.21353749930858612,-1.3967249393463135,1.6680124998092651
1772541049273668400,16.39066845703125,-0.03973750025033951,-0.5772249698638916,1.5775375366210938
1772541049283578400,16.400578369140625,-0.29205000400543213,-0.33467498421669006,1.2636250257492065
1772541049293488000,16.410488037109374,-0.29727500677108765,-0.3548874855041504,0.9145125150680542
1772541049303398000,16.42039794921875,-0.3282124996185303,-0.6432250142097473,0.6250749826431274
1772541049313308000,16.430307861328124,-0.2952125072479248,-0.740024983882904,0.39723750948905945
1772541049323218000,16.440218017578125,0.07301250100135803,-0.5666375160217285,0.25891250371932983
1772541049333127700,16.450127685546875,0.46254998445510864,-0.6337375044822693,0.3078624904155731
1772541049343037700,16.46003759765625,0.6285125017166138,-0.7741249799728394,0.4025999903678894
1772541049352947500,16.469947509765625,0.5647125244140625,-0.8167499899864197,0.4259749948978424
1772541049362857500,16.479857421875,0.3156999945640564,-0.7741249799728394,0.3877499997615814
1772541049372767200,16.489767333984375,0.01347499992698431,-0.6964374780654907,0.33137500286102295
1772541049382677000,16.499677001953124,-0.18768750131130219,-0.5506874918937683,0.39201250672340393
1772541049392587000,16.5095869140625,-0.3409999907016754,-0.31542500853538513,0.6080250144004822
1772541049402496800,16.519496826171874,-0.4622749984264374,-0.02708750031888485,0.8496124744415283
1772541049412406800,16.52940673828125,-0.41126251220703125,0.09322500228881836,0.9592000246047974
1772541049422316500,16.539316650390624,-0.255887508392334,0.147537499666214,0.869825005531311
1772541049432226600,16.5492265625,-0.050462499260902405,0.23691250383853912,0.6345624923706055
1772541049442136300,16.55913623046875,0.05706249922513962,0.15386250615119934,0.39201250672340393
1772541049452046300,16.56904638671875,0.13791249692440033,0.05912499874830246,0.20679999887943268
1772541049461956000,16.5789560546875,0.1933249980211258,-0.060087498277425766,0.06627500057220459
1772541049471865900,16.588865966796874,0.16664999723434448,-0.1845249980688095,-0.045375000685453415
1772541049481775900,16.59877587890625,0.018699999898672104,-0.34952500462532043,-0.05073750019073486
1772541049491686000,16.608685791015624,-0.07177499681711197,-0.32711249589920044,-0.04331250116229057
1772541049501595600,16.618595703125,-0.07699999958276749,-0.30483749508857727,-0.09006249904632568
1772541049511505700,16.628505615234374,-0.008937500417232513,-0.2367749959230423,-0.12952500581741333
1772541049521415400,16.63841552734375,0.06558749824762344,-0.26221248507499695,0.01209999993443489
1772541049531325400,16.648325439453124,-0.0004124999977648258,-0.23883749544620514,0.17270000278949738
1772541049541235500,16.6582353515625,-0.17489999532699585,-0.22714999318122864,0.234437495470047
1772541049551145200,16.668145263671875,-0.30799999833106995,-0.142037495970726,0.23759999871253967
1772541049561055000,16.678054931640624,-0.3419624865055084,0.0005499999970197678,0.19717499613761902
1772541049570964700,16.68796484375,-0.3217499852180481,0.13048750162124634,0.17806249856948853
1772541049580874800,16.697874755859374,-0.279262512922287,0.18466250598430634,0.20886249840259552
1772541049590784800,16.70778466796875,-0.15468749403953552,0.1527625024318695,0.27816250920295715
1772541049600694500,16.717694580078124,-0.05252499878406525,-0.04729999974370003,0.33137500286102295
1772541049610604300,16.727604248046877,-0.07177499681711197,-0.34732499718666077,0.38458749651908875
1772541049620514300,16.737514404296874,-0.21642500162124634,-0.41868749260902405,0.3823874890804291
1772541049630424000,16.747424072265623,-0.3601124882698059,-0.30057498812675476,0.2876499891281128
1772541049640334000,16.757333984375,-0.40053749084472656,-0.13461250066757202,0.22811250388622284
1772541049650243800,16.767243896484374,-0.3217499852180481,-0.19304999709129333,0.20047499239444733
1772541049660153600,16.777153564453126,0.028324998915195465,-0.6124249696731567,0.1237500011920929
1772541049679973400,16.796973388671876,-0.0812624990940094,-1.0859750509262085,-0.14121249318122864
1772541049689883400,16.80688330078125,-0.4676375091075897,-0.9912375211715698,-0.20074999332427979
1772541049699793400,16.81679345703125,-0.6113250255584717,-0.9561749696731567,-0.27211248874664307
1772541049719613000,16.836613037109377,-0.6208124756813049,-0.9135500192642212,-0.3965499997138977
1772541049729523000,16.84652294921875,-0.38458749651908875,-1.1497750282287598,-0.36038750410079956
1772541049739432700,16.8564326171875,-0.24199999868869781,-1.2923624515533447,-0.26358750462532043
1772541049749342700,16.8663427734375,-0.30799999833106995,-1.2999249696731567,-0.2615250051021576
1772541049759252500,16.87625244140625,-0.4059000015258789,-1.2115124464035034,-0.40933749079704285
1772541049769162500,16.88616259765625,-0.49321249127388,-1.0572375059127808,-0.6051374673843384
1772541049779072300,16.896072265625,-0.5399624705314636,-0.9710249900817871,-0.7595499753952026
1772541049788982300,16.905982177734376,-0.525112509727478,-0.9231749773025513,-0.8978750109672546
1772541049808802000,16.925802001953127,-0.4750624895095825,-0.47616249322891235,-1.1405625343322754
1772541049818711800,16.9357119140625,-0.5134249925613403,-0.2494249939918518,-1.0734624862670898
1772541049828621800,16.945621826171877,-0.8305000066757202,-0.2899875044822693,-1.135200023651123
1772541049838531600,16.955531494140626,-1.1253000497817993,-0.5687000155448914,-1.3384250402450562
1772541049848441300,16.96544140625,-0.7591375112533569,-0.39957499504089355,-1.2831499576568604
1772541049858351400,16.975351318359376,-0.2579500079154968,-0.18672500550746918,-1.0181875228881836
1772541049868261000,16.98526123046875,-0.022824998944997787,-0.2994749844074249,-0.6360750198364258
1772541049878171000,16.9951708984375,-0.062150001525878906,-0.17503750324249268,-0.3156999945640564
1772541049888081000,17.005080810546875,-0.3686375021934509,-0.196212500333786,-0.09116250276565552
1772541049897991000,17.014990966796876,-0.64638751745224,-0.29631251096725464,0.1354375034570694
1772541049907900700,17.024900634765626,-0.7336999773979187,-0.37400001287460327,0.21848750114440918
1772541049917810700,17.034810791015627,-0.6814500093460083,-0.37290000915527344,0.11316250264644623
1772541049927720400,17.044720458984376,-0.591112494468689,-0.2410375028848648,-0.030524998903274536
1772541049937630200,17.054630126953125,-0.5421624779701233,-0.195250004529953,-0.11453749984502792
1772541049947540200,17.064540283203126,-0.4750624895095825,-0.17820000648498535,-0.10284999758005142
1772541049957450000,17.074449951171875,-0.3558500111103058,-0.14300000667572021,-0.06558749824762344
1772541049967360000,17.084360107421876,-0.23980000615119934,-0.12072499841451645,0.031212499365210533
1772541049977270000,17.09427001953125,-0.1578499972820282,-0.11329999566078186,0.16101250052452087
1772541049987179800,17.1041796875,-0.12278749793767929,-0.17077499628067017,0.29411250352859497
1772541049997089500,17.114089599609375,-0.1504250019788742,-0.2644124925136566,0.4174500107765198
1772541050006999600,17.12399951171875,-0.2217874974012375,-0.3102000057697296,0.494174987077713
1772541050016909300,17.133909423828126,-0.2761000096797943,-0.25052499771118164,0.4856500029563904
1772541050026819300,17.1438193359375,-0.23883749544620514,-0.09308750182390213,0.4292750060558319
1772541050036729000,17.15372900390625,-0.1313125044107437,0.05169999971985817,0.4057624936103821
1772541050046638800,17.163638916015625,0.009212499484419823,0.147537499666214,0.4068624973297119
1772541050056548900,17.173548828125,0.12196250259876251,0.2102375030517578,0.37812501192092896
1772541050066458600,17.183458740234375,0.19965000450611115,0.22302499413490295,0.33550000190734863
1772541050076368600,17.19336865234375,0.19112500548362732,0.24639999866485596,0.28654998540878296
1772541050086278400,17.2032783203125,0.10917499661445618,0.20913749933242798,0.20679999887943268
1772541050096188200,17.213188232421874,0.035750001668930054,0.11453749984502792,0.11096250265836716
1772541050106098200,17.22309814453125,0.04427500069141388,0.04001250118017197,0.021587500348687172
1772541050116008000,17.233008056640625,0.09006249904632568,0.06984999775886536,-0.047575000673532486
1772541050125918000,17.24291796875,0.11659999936819077,0.08786249905824661,-0.11027500033378601
1772541050135827700,17.25282763671875,0.1284250020980835,0.09844999760389328,-0.1634874939918518
1772541050145737700,17.26273779296875,0.11563749611377716,0.0943249985575676,-0.19648750126361847
1772541050155647500,17.2726474609375,0.09748750180006027,0.06228749826550484,-0.2199999988079071
1772541050165557200,17.28255712890625,0.07837499678134918,0.08043749630451202,-0.11357499659061432
1772541050175467300,17.29246728515625,0.010174999944865704,0.09844999760389328,0.12484999746084213
1772541050185377000,17.302376953125,0.0006874999962747097,0.12196250259876251,0.1769624948501587
1772541050195287000,17.312287109375,0.03891250118613243,0.1634874939918518,0.15895000100135803
1772541050205196800,17.32219677734375,0.0719124972820282,0.170912504196167,0.082225002348423
1772541050215106600,17.3321064453125,0.10917499661445618,0.12086249887943268,-0.011412499472498894
1772541050225016600,17.3420166015625,0.14959999918937683,0.06228749826550484,-0.07095000147819519
1772541050234926600,17.351926513671874,0.17943750321865082,0.009074999950826168,-0.08689999580383301
1772541050244836400,17.36183642578125,0.2050125002861023,-0.01746249943971634,-0.07631249725818634
1772541050254746000,17.37174609375,0.23897500336170197,0.004812499973922968,-0.08799999952316284
1772541050264656100,17.38165625,0.26881250739097595,0.028324998915195465,-0.10395000129938126
1772541050274566000,17.39156591796875,0.3007124960422516,0.05376249924302101,-0.09336250275373459
1772541050284476000,17.401475830078127,0.3156999945640564,0.07727500051259995,-0.026262499392032623
1772541050294385700,17.4113857421875,0.3082749843597412,0.08043749630451202,0.06531249731779099
1772541050304295700,17.421295654296873,0.2997500002384186,0.08676250278949738,0.14506250619888306
1772541050314205400,17.431205322265626,0.2997500002384186,0.08786249905824661,0.20569999516010284
1772541050324115200,17.441115234375,0.3082749843597412,0.08043749630451202,0.2227499932050705
1772541050334025200,17.451025146484376,0.3040125072002411,0.06984999775886536,0.19511249661445618
1772541050343935000,17.46093505859375,0.2890250086784363,0.03355000168085098,0.1344749927520752
1772541050353844700,17.4708447265625,0.2517625093460083,0.009074999950826168,0.07479999959468842
1772541050363754800,17.480754638671876,0.2092749923467636,0.004812499973922968,0.040837500244379044
1772541050373664800,17.490664794921877,0.16981250047683716,0.012374999932944775,0.057750001549720764
1772541050383574500,17.500574462890626,0.14959999918937683,0.026124998927116394,0.09501250088214874
1772541050393484500,17.510484619140627,0.15289999544620514,0.060224998742341995,0.12484999746084213
1772541050403394300,17.520394287109376,0.17737500369548798,0.08676250278949738,0.1311749964952469
1772541050413304000,17.530303955078125,0.2124374955892563,0.1069749966263771,0.11852499842643738
1772541050423214000,17.540214111328126,0.24543750286102295,0.12718750536441803,0.07796250283718109
1772541050433123800,17.550123779296875,0.2634499967098236,0.15386250615119934,0.02474999986588955
1772541050443033900,17.560033935546876,0.2624875009059906,0.17613749206066132,-0.03904999792575836
1772541050452943600,17.569943603515625,0.2517625093460083,0.19002500176429749,-0.11247500032186508
1772541050462853600,17.579853515625,0.23691250383853912,0.19538749754428864,-0.19868749380111694
1772541050472763400,17.589763427734376,0.21779999136924744,0.18039999902248383,-0.28600001335144043
1772541050482673400,17.59967333984375,0.19112500548362732,0.14327499270439148,-0.34347498416900635
1772541050492583200,17.609583251953126,0.1751749962568283,0.08249999582767487,-0.392425000667572
1772541050502493200,17.6194931640625,0.1518000066280365,-0.020624998956918716,-0.43174999952316284
1772541050512403000,17.62940283203125,0.09858749806880951,-0.22921249270439148,-0.5040749907493591
1772541050522312700,17.639312744140625,0.029424998909235,-0.38032498955726624,-0.5350124835968018
1772541050532222700,17.64922265625,0.05073750019073486,-0.2835249900817871,-0.3264249861240387
1772541050542132500,17.659132568359375,0.06668750196695328,0.03464999794960022,0.022687500342726707
1772541050552042200,17.669042236328124,0.05596249923110008,0.052799999713897705,0.1695374995470047
1772541050561952300,17.6789521484375,0.06984999775886536,0.10381250083446503,0.14822499454021454
1772541050571862000,17.688862060546874,0.03258749842643738,0.06655000150203705,0.05252499878406525
1772541050581772000,17.69877197265625,0.05073750019073486,-0.03244999796152115,-0.04963750019669533
1772541050591681800,17.708681884765625,0.0943249985575676,-0.01966249942779541,-0.06984999775886536
1772541050601591800,17.718591796875,0.0752125009894371,0.015537500381469727,-0.040150001645088196
1772541050611501600,17.72850146484375,0.062424998730421066,0.030387500301003456,-0.02736249938607216
1772541050621411600,17.73841162109375,0.04221250116825104,0.037812501192092896,-0.03478749841451645
1772541050631321300,17.7483212890625,0.0038499999791383743,0.007012499962002039,-0.03904999792575836
1772541050641231400,17.7582314453125,-0.02488750033080578,-0.0037124999798834324,-0.03368749842047691
1772541050651141400,17.768141357421875,-0.0387750007212162,0.035750001668930054,-0.03478749841451645
1772541050661051000,17.77805078125,-0.03657500073313713,0.07081250101327896,-0.03684999793767929
1772541050670961000,17.7879609375,-0.030249999836087227,0.10917499661445618,-0.020899999886751175
1772541050680870700,17.79787060546875,-0.022824998944997787,0.15812499821186066,0.00989999994635582
1772541050690780700,17.80778076171875,-0.025987500324845314,0.20817500352859497,0.048262499272823334
1772541050700690400,17.8176904296875,-0.055687498301267624,0.2326499968767166,0.06311249732971191
1772541050710600400,17.827600341796874,-0.11110000312328339,0.201712504029274,0.04922499880194664
1772541050720510200,17.83751025390625,-0.16637499630451202,0.1368124932050705,0.013062499463558197
1772541050730420200,17.847420166015624,-0.2079000025987625,0.08470000326633453,-0.040150001645088196
1772541050740330000,17.857330078125,-0.22605000436306,0.052799999713897705,-0.09226249903440475
1772541050750240000,17.867239990234374,-0.22714999318122864,0.05912499874830246,-0.10711249709129333
1772541050760149800,17.877149658203123,-0.21326249837875366,0.0644875019788742,-0.06558749824762344
1772541050770059500,17.8870595703125,-0.18878750503063202,0.06228749826550484,0.00989999994635582
1772541050779969500,17.896969482421873,-0.18658749759197235,0.07933750003576279,0.0929500013589859
1772541050789879600,17.906879638671874,-0.20899999141693115,0.11879999935626984,0.15468749403953552
1772541050799789300,17.916789306640624,-0.23457500338554382,0.15496249496936798,0.19401249289512634
1772541050809699300,17.92669921875,-0.2451625019311905,0.18150000274181366,0.21642500162124634
1772541050819609000,17.936609130859374,-0.2536875009536743,0.16554999351501465,0.19717499613761902
1772541050829519000,17.94651904296875,-0.2611125111579895,0.10381250083446503,0.15152500569820404
1772541050849339000,17.9663388671875,-0.25905001163482666,-0.006874999962747097,0.09404999762773514
1772541050859248600,17.97624853515625,-0.2451625019311905,-0.010037500411272049,0.0929500013589859
1772541050869158700,17.98615869140625,-0.2143625020980835,0.035750001668930054,0.11096250265836716
1772541050879068400,17.996068359375,-0.18988749384880066,0.08153750002384186,0.12484999746084213
1772541050888978400,18.005978515625,-0.17710000276565552,0.09748750180006027,0.13227500021457672
1772541050898888200,18.01588818359375,-0.18342499434947968,0.10491249710321426,0.1354375034570694
1772541050908798000,18.0257978515625,-0.20363749563694,0.11453749984502792,0.13763749599456787
1772541050918708000,18.0357080078125,-0.20899999141693115,0.13048750162124634,0.13653749227523804
1772541050928618000,18.045617919921874,-0.18768750131130219,0.16981250047683716,0.14300000667572021
1772541050938527700,18.05552783203125,-0.16747500002384186,0.19648750126361847,0.14726249873638153
1772541050948437800,18.065437744140624,-0.15262499451637268,0.17613749206066132,0.12691250443458557
1772541050958347500,18.075347412109377,-0.15152500569820404,0.16128750145435333,0.10573749989271164
1772541050968257500,18.085257568359374,-0.15152500569820404,0.1825999915599823,0.12911249697208405
1772541050978167300,18.095167236328123,-0.1451999992132187,0.2102375030517578,0.17599999904632568
1772541050988077300,18.105077392578124,-0.12388750165700912,0.2124374955892563,0.21422499418258667
1772541050997987300,18.1149873046875,-0.10999999940395355,0.20817500352859497,0.23333749175071716
1772541051007897000,18.12489697265625,-0.07809999585151672,0.19538749754428864,0.23663750290870667
1772541051017806800,18.134806884765624,-0.05252499878406525,0.18039999902248383,0.23333749175071716
1772541051027716900,18.144716796875,-0.035475000739097595,0.18466250598430634,0.227012500166893
1772541051037626600,18.154626708984374,-0.03231250122189522,0.18466250598430634,0.196212500333786
1772541051047536600,18.16453662109375,-0.010037500411272049,0.15386250615119934,0.12911249697208405
1772541051057446700,18.17444677734375,0.018699999898672104,0.13997499644756317,0.06421250104904175
1772541051067356400,18.1843564453125,0.01979999989271164,0.11550000309944153,0.016362499445676804
1772541051077266400,18.194266357421874,-0.004674999974668026,0.0494999997317791,-0.040150001645088196
1772541051087176200,18.20417626953125,-0.02914999984204769,-0.008937500417232513,-0.11137499660253525
1772541051097086200,18.214086181640624,-0.05898749828338623,-0.01746249943971634,-0.16142499446868896
1772541051106996000,18.223995849609373,-0.05472499877214432,-0.02708750031888485,-0.1625249981880188
1772541051116905700,18.23390576171875,-0.04193750023841858,-0.0037124999798834324,-0.12099999934434891
1772541051126815700,18.243815673828124,-0.04936249926686287,0.014437500387430191,-0.05926249921321869
1772541051136725800,18.253725830078125,-0.0695749968290329,-0.0015124999918043613,-0.035887498408555984
1772541051146635500,18.263635498046874,-0.07699999958276749,0.0005499999970197678,-0.05073750019073486
1772541051156545500,18.273545654296875,-0.08442500233650208,0.035750001668930054,-0.06462500244379044
1772541051166455300,18.283455322265624,-0.0919874981045723,0.04207500070333481,-0.08167500048875809
1772541051176365000,18.293364990234377,-0.08442500233650208,0.018699999898672104,-0.09968750178813934
1772541051186275000,18.303275146484374,-0.07177499681711197,-0.002612499985843897,-0.11453749984502792
1772541051196185000,18.31318505859375,-0.08236250281333923,0.0005499999970197678,-0.116737499833107
1772541051206094800,18.3230947265625,-0.10683749616146088,0.01759999990463257,-0.11357499659061432
1772541051216004900,18.3330048828125,-0.13337500393390656,0.028324998915195465,-0.08689999580383301
1772541051225915000,18.342914794921874,-0.1461624950170517,0.03684999793767929,-0.04331250116229057
1772541051235824600,18.35282470703125,-0.13983750343322754,0.02722499892115593,-0.006049999967217445
1772541051245734700,18.362734619140625,-0.12388750165700912,0.020762499421834946,0.02474999986588955
1772541051255644700,18.372644775390626,-0.11962500214576721,0.04427500069141388,0.050324998795986176
1772541051265554400,18.382554443359375,-0.11962500214576721,0.07727500051259995,0.05884999781847
1772541051275464200,18.392464111328124,-0.11110000312328339,0.11343749612569809,0.07906249910593033
1772541051285374200,18.402374267578125,-0.10999999940395355,0.148499995470047,0.12691250443458557
1772541051295284200,18.4122841796875,-0.11219999939203262,0.19648750126361847,0.17063750326633453
1772541051305194000,18.422194091796875,-0.12278749793767929,0.23787499964237213,0.1993750035762787
1772541051315104000,18.43210400390625,-0.14300000667572021,0.25382500886917114,0.2525874972343445
1772541051325013800,18.442013671875,-0.20473749935626984,0.4241875112056732,0.5281375050544739
1772541051334923800,18.451923828125,-0.28984999656677246,0.3315125107765198,0.5803874731063843
1772541051354743600,18.47174365234375,-0.2516250014305115,-0.013199999928474426,0.07273750007152557
1772541051364653600,18.481653564453126,-0.22068749368190765,-0.1377750039100647,-0.17847499251365662
1772541051384473300,18.501473388671876,-0.07919999957084656,-0.19841249287128448,-0.2763749957084656
